# Created by auto-kappa in a format similar to ALAMODE
# Input file   : ./mp-22862/cube/kappa_fd_14x14x14/NaCl.result
# Isotope      : ./mp-22862/cube/kappa_fd_14x14x14/NaCl.self_isotope
# Temperature  : 300 K
# kpoint range : 1 104
# mode   range : 1 6
ik,is,frequency[cm^-1],lifetime[ps],|velocity|[m/s],MFP[nm],multiplicity,kxx,kxy,kxz,kyx,kyy,kyz,kzx,kzy,kzz
1,1,1.0973700e-10,0.0000000e+00,0.0000000e+00,0.0000000e+00,1,0.0000000e+00,0.0000000e+00,0.0000000e+00,0.0000000e+00,0.0000000e+00,0.0000000e+00,0.0000000e+00,0.0000000e+00,0.0000000e+00
1,2,1.0973700e-10,0.0000000e+00,0.0000000e+00,0.0000000e+00,1,0.0000000e+00,0.0000000e+00,0.0000000e+00,0.0000000e+00,0.0000000e+00,0.0000000e+00,0.0000000e+00,0.0000000e+00,0.0000000e+00
1,3,1.0973700e-10,0.0000000e+00,0.0000000e+00,0.0000000e+00,1,0.0000000e+00,0.0000000e+00,0.0000000e+00,0.0000000e+00,0.0000000e+00,0.0000000e+00,0.0000000e+00,0.0000000e+00,0.0000000e+00
1,4,1.6798600e+02,2.6053924e+00,0.0000000e+00,0.0000000e+00,1,0.0000000e+00,0.0000000e+00,0.0000000e+00,0.0000000e+00,0.0000000e+00,0.0000000e+00,0.0000000e+00,0.0000000e+00,0.0000000e+00
1,5,1.6798600e+02,3.0803333e+00,0.0000000e+00,0.0000000e+00,1,0.0000000e+00,0.0000000e+00,0.0000000e+00,0.0000000e+00,0.0000000e+00,0.0000000e+00,0.0000000e+00,0.0000000e+00,0.0000000e+00
1,6,1.6798600e+02,3.0803333e+00,0.0000000e+00,0.0000000e+00,1,0.0000000e+00,0.0000000e+00,0.0000000e+00,0.0000000e+00,0.0000000e+00,0.0000000e+00,0.0000000e+00,0.0000000e+00,0.0000000e+00
2,1,2.0263600e+01,7.3857020e+00,2.7189395e+03,2.0081277e+04,8,2.0818858e-03,1.7276312e-09,1.7276312e-09,1.7276312e-09,2.0818858e-03,1.7276312e-09,1.7276312e-09,1.7276312e-09,2.0818858e-03
2,2,2.0263600e+01,7.1950969e+00,2.7205936e+03,1.9574935e+04,8,2.0306264e-03,1.6948358e-09,1.6948358e-09,1.6948358e-09,2.0306264e-03,1.6948358e-09,1.6948358e-09,1.6948358e-09,2.0306264e-03
2,3,3.2571400e+01,3.7582160e+01,4.3828420e+03,1.6471667e+05,8,2.7492747e-02,1.0734034e-13,1.0734234e-13,1.0734034e-13,2.7492747e-02,1.0734234e-13,1.0734234e-13,1.0734234e-13,2.7492747e-02
2,4,1.6910900e+02,2.1566096e+00,2.6957567e+02,5.8136948e+02,8,5.6632315e-06,9.3983734e-12,9.3983734e-12,9.3983734e-12,5.6632315e-06,9.3983734e-12,9.3983734e-12,9.3983734e-12,5.6632315e-06
2,5,1.6910900e+02,2.1425604e+00,2.6980777e+02,5.7807944e+02,8,5.6360308e-06,9.3371479e-12,9.3371479e-12,9.3371479e-12,5.6360308e-06,9.3371479e-12,9.3371479e-12,9.3371479e-12,5.6360308e-06
2,6,2.5264700e+02,0.0000000e+00,9.9219231e+02,0.0000000e+00,8,0.0000000e+00,0.0000000e+00,0.0000000e+00,0.0000000e+00,0.0000000e+00,0.0000000e+00,0.0000000e+00,0.0000000e+00,0.0000000e+00
3,1,3.9897000e+01,1.8269109e+00,2.6018869e+03,4.7534155e+03,8,4.7051912e-04,7.2581463e-11,7.2581463e-11,7.2581463e-11,4.7051912e-04,7.2581463e-11,7.2581463e-11,7.2581463e-11,4.7051912e-04
3,2,3.9897000e+01,1.9060690e+00,2.6025710e+03,4.9606801e+03,8,4.9116443e-04,7.7015278e-11,7.7015278e-11,7.7015278e-11,4.9116443e-04,7.7015278e-11,7.7015278e-11,7.7015278e-11,4.9116443e-04
3,3,6.4297200e+01,7.9482005e+00,4.2128152e+03,3.3484300e+04,8,5.3405095e-03,2.1018381e-19,0.0000000e+00,2.1018381e-19,5.3405095e-03,0.0000000e+00,0.0000000e+00,0.0000000e+00,5.3405095e-03
3,4,1.7108000e+02,1.8077573e+00,1.9356447e+02,3.4991758e+02,8,2.4443901e-06,2.1578391e-14,2.1578391e-14,2.1578391e-14,2.4443901e-06,2.1578391e-14,2.1578391e-14,2.1578391e-14,2.4443901e-06
3,5,1.7108000e+02,1.6266894e+00,1.9355321e+02,3.1485096e+02,8,2.1993002e-06,1.7611850e-14,1.7611850e-14,1.7611850e-14,2.1993002e-06,1.7611850e-14,1.7611850e-14,1.7611850e-14,2.1993002e-06
3,6,2.4324100e+02,0.0000000e+00,1.4432547e+03,0.0000000e+00,8,0.0000000e+00,0.0000000e+00,0.0000000e+00,0.0000000e+00,0.0000000e+00,0.0000000e+00,0.0000000e+00,0.0000000e+00,0.0000000e+00
4,1,5.8513200e+01,1.0727602e+00,2.4466604e+03,2.6246800e+03,8,2.4344987e-04,9.5653197e-12,9.5653197e-12,9.5653197e-12,2.4344987e-04,9.5653197e-12,9.5653197e-12,9.5653197e-12,2.4344987e-04
4,2,5.8513200e+01,1.0326525e+00,2.4469721e+03,2.5268720e+03,8,2.3440764e-04,9.2076973e-12,9.2076973e-12,9.2076973e-12,2.3440764e-04,9.2076973e-12,9.2076973e-12,9.2076973e-12,2.3440764e-04
4,3,9.4404300e+01,3.3876165e+00,3.9467549e+03,1.3370092e+04,8,1.9795940e-03,8.8768159e-20,0.0000000e+00,8.8768159e-20,1.9795940e-03,0.0000000e+00,0.0000000e+00,0.0000000e+00,1.9795940e-03
4,4,1.7100000e+02,1.4016825e+00,2.6392755e+02,3.6994264e+02,8,3.5238802e-06,9.7527810e-12,9.7527810e-12,9.7527810e-12,3.5238802e-06,9.7527810e-12,9.7527810e-12,9.7527810e-12,3.5238802e-06
4,5,1.7100000e+02,1.4643853e+00,2.6363483e+02,3.8606297e+02,8,3.6733555e-06,1.0189061e-11,1.0189061e-11,1.0189061e-11,3.6733555e-06,1.0189061e-11,1.0189061e-11,1.0189061e-11,3.6733555e-06
4,6,2.3305600e+02,0.0000000e+00,1.2337069e+03,0.0000000e+00,8,0.0000000e+00,0.0000000e+00,0.0000000e+00,0.0000000e+00,0.0000000e+00,0.0000000e+00,0.0000000e+00,0.0000000e+00,0.0000000e+00
5,1,7.5854400e+01,1.0923348e+00,2.2527053e+03,2.4607084e+03,8,2.0921258e-04,1.0018099e-12,1.0018099e-12,1.0018099e-12,2.0921258e-04,1.0018099e-12,1.0018099e-12,1.0018099e-12,2.0921258e-04
5,2,7.5854400e+01,1.0078787e+00,2.2528092e+03,2.2705584e+03,8,1.9305469e-04,9.2435287e-13,9.2435288e-13,9.2435287e-13,1.9305469e-04,9.2435288e-13,9.2435288e-13,9.2435288e-13,1.9305469e-04
5,3,1.2222800e+02,4.9048069e+00,3.5891557e+03,1.7604116e+04,8,2.3432218e-03,-1.2705454e-19,0.0000000e+00,-1.2705454e-19,2.3432218e-03,0.0000000e+00,0.0000000e+00,0.0000000e+00,2.3432218e-03
5,4,1.6685600e+02,1.1998492e+00,8.5718523e+02,1.0284930e+03,8,3.1902938e-05,2.4196748e-11,2.4196748e-11,2.4196748e-11,3.1902938e-05,2.4196748e-11,2.4196748e-11,2.4196748e-11,3.1902938e-05
5,5,1.6685600e+02,1.4463937e+00,8.5668813e+02,1.2391083e+03,8,3.8413747e-05,2.9168685e-11,2.9168685e-11,2.9168685e-11,3.8413747e-05,2.9168685e-11,2.9168685e-11,2.9168685e-11,3.8413747e-05
5,6,2.2566100e+02,0.0000000e+00,7.8481041e+02,0.0000000e+00,8,0.0000000e+00,0.0000000e+00,0.0000000e+00,0.0000000e+00,0.0000000e+00,0.0000000e+00,0.0000000e+00,0.0000000e+00,0.0000000e+00
6,1,9.1511800e+01,1.3964046e+00,1.9772919e+03,2.7610994e+03,8,2.0502206e-04,1.0068395e-12,1.0068395e-12,1.0068395e-12,2.0502206e-04,1.0068395e-12,1.0068395e-12,1.0068395e-12,2.0502206e-04
6,2,9.1511800e+01,1.3218300e+00,1.9772053e+03,2.6135293e+03,8,1.9405592e-04,9.5306957e-13,9.5306957e-13,9.5306957e-13,1.9405592e-04,9.5306957e-13,9.5306957e-13,9.5306957e-13,1.9405592e-04
6,3,1.4686400e+02,2.9191946e+00,3.0542811e+03,8.9160410e+03,8,9.9725842e-04,-3.7335426e-20,0.0000000e+00,-3.7335426e-20,9.9725842e-04,0.0000000e+00,0.0000000e+00,0.0000000e+00,9.9725842e-04
6,4,1.5882100e+02,1.2210888e+00,1.2700888e+03,1.5508912e+03,8,7.1635202e-05,3.0822628e-11,3.0822628e-11,3.0822628e-11,7.1635202e-05,3.0822628e-11,3.0822628e-11,3.0822628e-11,7.1635202e-05
6,5,1.5882100e+02,1.1316840e+00,1.2695337e+03,1.4367110e+03,8,6.6332245e-05,2.8506522e-11,2.8506522e-11,2.8506522e-11,6.6332245e-05,2.8506522e-11,2.8506522e-11,2.8506522e-11,6.6332245e-05
6,6,2.2079700e+02,0.0000000e+00,5.9827287e+02,0.0000000e+00,8,0.0000000e+00,0.0000000e+00,0.0000000e+00,0.0000000e+00,0.0000000e+00,0.0000000e+00,0.0000000e+00,0.0000000e+00,0.0000000e+00
7,1,1.0436700e+02,1.9190968e+00,1.4307737e+03,2.7457932e+03,8,1.4682437e-04,3.0988535e-11,3.0988535e-11,3.0988535e-11,1.4682437e-04,3.0988535e-11,3.0988535e-11,3.0988535e-11,1.4682437e-04
7,2,1.0436700e+02,1.8466942e+00,1.4303355e+03,2.6413922e+03,8,1.4119853e-04,2.9819418e-11,2.9819418e-11,2.9819418e-11,1.4119853e-04,2.9819418e-11,2.9819418e-11,2.9819418e-11,1.4119853e-04
7,3,1.4937200e+02,1.2558874e+00,1.1718424e+03,1.4717021e+03,8,6.3067043e-05,6.7597830e-12,6.7597830e-12,6.7597830e-12,6.3067043e-05,6.7597830e-12,6.7597830e-12,6.7597830e-12,6.3067043e-05
7,4,1.4937200e+02,1.2676407e+00,1.1715861e+03,1.4851502e+03,8,6.3629413e-05,6.8230449e-12,6.8230449e-12,6.8230449e-12,6.3629413e-05,6.8230449e-12,6.8230449e-12,6.8230449e-12,6.3629413e-05
7,5,1.6610500e+02,1.1219858e+00,2.0465739e+03,2.2962268e+03,8,1.7013855e-04,-7.0933152e-21,0.0000000e+00,-7.0933152e-21,1.7013855e-04,0.0000000e+00,0.0000000e+00,0.0000000e+00,1.7013855e-04
7,6,2.1630700e+02,0.0000000e+00,5.9993910e+02,0.0000000e+00,8,0.0000000e+00,0.0000000e+00,0.0000000e+00,0.0000000e+00,0.0000000e+00,0.0000000e+00,0.0000000e+00,0.0000000e+00,0.0000000e+00
8,1,1.1032100e+02,2.1467054e+00,3.9101932e-09,8.3940330e-09,4,1.3181130e-27,9.5862803e-28,1.4379414e-27,9.5862803e-28,1.0784578e-27,1.1982850e-27,1.4379414e-27,1.1982850e-27,1.6775980e-27
8,2,1.1032100e+02,1.8876994e+00,2.7648074e-09,5.2191253e-09,4,5.2685418e-28,2.6342730e-28,4.7416889e-28,2.6342730e-28,7.3759724e-28,4.7416899e-28,4.7416889e-28,4.7416899e-28,5.2685418e-28
8,3,1.4430400e+02,9.4212677e-01,2.3490563e-09,2.2131088e-09,4,3.6210788e-28,1.5518889e-28,0.0000000e+00,1.5518889e-28,2.5864800e-28,0.0000000e+00,0.0000000e+00,0.0000000e+00,0.0000000e+00
8,4,1.4430400e+02,8.7250681e-01,4.8592970e-09,4.2397697e-09,4,4.3116322e-28,1.1976740e-28,4.5511712e-28,1.1976740e-28,8.1441921e-28,8.3837340e-28,4.5511712e-28,8.3837340e-28,1.7725613e-27
8,5,1.7433600e+02,7.8242451e-01,2.2027469e-09,1.7234832e-09,4,2.1093794e-28,0.0000000e+00,1.6875040e-28,0.0000000e+00,2.1093769e-29,-6.3281348e-29,1.6875040e-28,-6.3281348e-29,4.0078211e-28
8,6,2.1354900e+02,0.0000000e+00,2.0247123e-09,0.0000000e+00,4,0.0000000e+00,0.0000000e+00,0.0000000e+00,0.0000000e+00,0.0000000e+00,0.0000000e+00,0.0000000e+00,0.0000000e+00,0.0000000e+00
9,1,1.8706700e+01,1.4814316e+02,2.1396500e+03,3.1697451e+05,6,2.5863274e-02,-4.9816825e-14,3.0192043e-14,-4.9816825e-14,2.5863274e-02,-7.5577837e-16,3.0192043e-14,-7.5577837e-16,2.5863274e-02
9,2,1.8706700e+01,1.2088045e+02,2.1396500e+03,2.5864185e+05,6,2.1103669e-02,-3.2640979e-14,1.5397467e-14,-3.2640979e-14,2.1103669e-02,1.2322515e-15,1.5397467e-14,1.2322515e-15,2.1103669e-02
9,3,4.2129900e+01,3.0995317e+00,4.8398600e+03,1.5001299e+04,6,2.7611651e-03,5.2010674e-15,4.9861581e-16,5.2010674e-15,2.7611651e-03,2.2086152e-15,4.9861581e-16,2.2086152e-15,2.7611651e-03
9,4,1.6878700e+02,2.5217727e+00,1.8551700e+02,4.6783170e+02,6,3.1368526e-06,-5.9125436e-17,-8.4466515e-18,-5.9125436e-17,3.1368526e-06,-3.3785964e-17,-8.4466515e-18,-3.3785964e-17,3.1368526e-06
9,5,1.6878700e+02,3.2026055e+00,1.8551700e+02,5.9413777e+02,6,3.9837458e-06,-3.2181100e-17,-1.0727105e-17,-3.2181100e-17,3.9837458e-06,-4.2907582e-17,-1.0727105e-17,-4.2907582e-17,3.9837458e-06
9,6,2.5229200e+02,0.0000000e+00,9.7431200e+02,0.0000000e+00,6,0.0000000e+00,0.0000000e+00,0.0000000e+00,0.0000000e+00,0.0000000e+00,0.0000000e+00,0.0000000e+00,0.0000000e+00,0.0000000e+00
10,1,3.2550100e+01,6.1290304e+00,2.2530893e+03,1.3809253e+04,24,1.1848803e-03,5.0948231e-21,0.0000000e+00,5.0948231e-21,1.1848803e-03,3.0568939e-20,0.0000000e+00,3.0568939e-20,1.1848803e-03
10,2,3.5606200e+01,4.4468885e+00,2.7856654e+03,1.2387544e+04,24,1.3136109e-03,-1.4780198e-20,1.4780198e-20,-1.4780198e-20,1.3136109e-03,-1.4780198e-20,1.4780198e-20,-1.4780198e-20,1.3136109e-03
10,3,6.5514900e+01,1.3586903e+00,4.4422083e+03,6.0355854e+03,24,1.0147429e-03,6.7347399e-21,8.9796532e-21,6.7347399e-21,1.0147429e-03,4.4898266e-21,8.9796532e-21,4.4898266e-21,1.0147429e-03
10,4,1.7033200e+02,2.1874833e+00,2.7202757e+02,5.9505579e+02,24,5.8446694e-06,5.9237307e-17,5.9237442e-17,5.9237307e-17,5.8446694e-06,5.9237280e-17,5.9237442e-17,5.9237280e-17,5.8446694e-06
10,5,1.7074900e+02,2.1261929e+00,2.9575094e+02,6.2882355e+02,24,6.7131627e-06,1.0470474e-22,-1.0470474e-22,1.0470474e-22,6.7131627e-06,1.0470474e-22,-1.0470474e-22,1.0470474e-22,6.7131627e-06
10,6,2.4469200e+02,0.0000000e+00,1.4988948e+03,0.0000000e+00,24,0.0000000e+00,0.0000000e+00,0.0000000e+00,0.0000000e+00,0.0000000e+00,0.0000000e+00,0.0000000e+00,0.0000000e+00,0.0000000e+00
11,1,4.9089600e+01,1.8265833e+00,2.2401215e+03,4.0917685e+03,24,3.4816514e-04,1.7345425e-15,1.7345152e-15,1.7345425e-15,3.4816514e-04,1.7345364e-15,1.7345152e-15,1.7345364e-15,3.4816514e-04
11,2,5.6363500e+01,1.5307018e+00,2.7930182e+03,4.2752779e+03,24,4.5290064e-04,0.0000000e+00,0.0000000e+00,0.0000000e+00,4.5290064e-04,0.0000000e+00,0.0000000e+00,0.0000000e+00,4.5290064e-04
11,3,9.1038200e+01,2.3268630e+00,3.9183421e+03,9.1174451e+03,24,1.3418223e-03,-3.8153265e-21,3.0522612e-20,-3.8153265e-21,1.3418223e-03,0.0000000e+00,3.0522612e-20,0.0000000e+00,1.3418223e-03
11,4,1.7161300e+02,1.6095582e+00,1.5104788e+02,2.4312036e+02,24,1.3248439e-06,7.6649504e-16,7.6649501e-16,7.6649504e-16,1.3248439e-06,7.6649504e-16,7.6649501e-16,7.6649504e-16,1.3248439e-06
11,5,1.7172800e+02,1.7741260e+00,1.1635173e+02,2.0642263e+02,24,8.6641585e-07,1.0961442e-15,1.0961442e-15,1.0961442e-15,8.6641585e-07,1.0961442e-15,1.0961442e-15,1.0961442e-15,8.6641585e-07
11,6,2.3418400e+02,0.0000000e+00,1.4993957e+03,0.0000000e+00,24,0.0000000e+00,0.0000000e+00,0.0000000e+00,0.0000000e+00,0.0000000e+00,0.0000000e+00,0.0000000e+00,0.0000000e+00,0.0000000e+00
12,1,6.5137500e+01,1.2779357e+00,2.1694501e+03,2.7724176e+03,24,2.2766012e-04,8.4467387e-21,-3.1675270e-21,8.4467387e-21,2.2766012e-04,3.1675270e-21,-3.1675270e-21,3.1675270e-21,2.2766012e-04
12,2,7.6140400e+01,1.0939876e+00,2.6308603e+03,2.8781286e+03,24,2.8575586e-04,-4.5058942e-21,-7.2094307e-21,-4.5058942e-21,2.8575586e-04,-1.8023577e-21,-7.2094307e-21,-1.8023577e-21,2.8575586e-04
12,3,1.1622700e+02,3.4052822e+00,3.4463494e+03,1.1735792e+04,24,1.5040537e-03,-1.6584692e-20,-2.2112922e-20,-1.6584692e-20,1.5040537e-03,3.3169383e-20,-2.2112922e-20,3.3169383e-20,1.5040537e-03
12,4,1.6818500e+02,1.2365972e+00,8.1043971e+02,1.0021874e+03,24,2.9366857e-05,3.3531926e-17,3.3533634e-17,3.3531926e-17,2.9366857e-05,3.3531804e-17,3.3533634e-17,3.3531804e-17,2.9366857e-05
12,5,1.7049300e+02,1.3435397e+00,4.9513205e+02,6.6522956e+02,24,1.1891503e-05,2.9103636e-17,2.9103693e-17,2.9103636e-17,1.1891503e-05,2.9102842e-17,2.9103693e-17,2.9102842e-17,1.1891503e-05
12,6,2.2567400e+02,0.0000000e+00,1.0941831e+03,0.0000000e+00,24,0.0000000e+00,0.0000000e+00,0.0000000e+00,0.0000000e+00,0.0000000e+00,0.0000000e+00,0.0000000e+00,0.0000000e+00,0.0000000e+00
13,1,8.0062700e+01,1.1516284e+00,2.1023762e+03,2.4211560e+03,24,1.9187197e-04,5.6852997e-21,2.8426498e-21,5.6852997e-21,1.9187197e-04,-5.2115247e-21,2.8426498e-21,-5.2115247e-21,1.9187197e-04
13,2,9.3718400e+01,1.2762305e+00,2.3554521e+03,3.0060998e+03,24,2.6569679e-04,1.1964207e-17,1.1973092e-17,1.1964207e-17,2.6569679e-04,1.1975183e-17,1.1973092e-17,1.1975183e-17,2.6569679e-04
13,3,1.3951900e+02,2.9699846e+00,2.9341094e+03,8.7142599e+03,24,9.4009308e-04,-3.8137273e-20,-3.8137273e-20,-3.8137273e-20,9.4009308e-04,3.8137273e-20,-3.8137273e-20,3.8137273e-20,9.4009308e-04
13,4,1.6034400e+02,1.4085816e+00,1.2411880e+03,1.7483146e+03,24,7.8843777e-05,1.2797841e-17,1.2799517e-17,1.2797841e-17,7.8843777e-05,1.2798400e-17,1.2799517e-17,1.2798400e-17,7.8843777e-05
13,5,1.6550800e+02,1.1077619e+00,1.0541524e+03,1.1677498e+03,24,4.4583772e-05,8.7575259e-22,1.5325670e-21,8.7575259e-22,4.4583772e-05,-3.0103995e-21,1.5325670e-21,-3.0103995e-21,4.4583772e-05
13,6,2.2046300e+02,0.0000000e+00,7.7165028e+02,0.0000000e+00,24,0.0000000e+00,0.0000000e+00,0.0000000e+00,0.0000000e+00,0.0000000e+00,0.0000000e+00,0.0000000e+00,0.0000000e+00,0.0000000e+00
14,1,9.3648200e+01,1.4340103e+00,1.9986781e+03,2.8661250e+03,24,2.1495994e-04,0.0000000e+00,-5.8729085e-22,0.0000000e+00,2.1495994e-04,2.9364542e-22,-5.8729085e-22,2.9364542e-22,2.1495994e-04
14,2,1.0710300e+02,1.6079454e+00,1.5719038e+03,2.5275354e+03,24,1.4832112e-04,3.1514457e-16,3.1514277e-16,3.1514457e-16,1.4832112e-04,3.1514474e-16,3.1514277e-16,3.1514474e-16,1.4832112e-04
14,3,1.5006700e+02,1.4952550e+00,8.3168655e+02,1.2435835e+03,24,3.7807346e-05,4.0994404e-17,4.0993509e-17,4.0994404e-17,3.7807346e-05,4.0995597e-17,4.0993509e-17,4.0995597e-17,3.7807346e-05
14,4,1.5743700e+02,1.1619476e+00,1.4267660e+03,1.6578273e+03,24,8.6092229e-05,0.0000000e+00,1.1539312e-22,0.0000000e+00,8.6092229e-05,6.9235870e-22,1.1539312e-22,6.9235870e-22,8.6092229e-05
14,5,1.6026000e+02,1.0979873e+00,2.0561103e+03,2.2575830e+03,24,1.6866408e-04,1.7416913e-21,1.7416913e-21,1.7416913e-21,1.6866408e-04,-1.7416913e-21,1.7416913e-21,-1.7416913e-21,1.6866408e-04
14,6,2.1652800e+02,0.0000000e+00,6.4883103e+02,0.0000000e+00,24,0.0000000e+00,0.0000000e+00,0.0000000e+00,0.0000000e+00,0.0000000e+00,0.0000000e+00,0.0000000e+00,0.0000000e+00,0.0000000e+00
15,1,1.0512000e+02,1.9159734e+00,1.5475873e+03,2.9651361e+03,24,1.7144640e-04,1.5625340e-21,-1.9531675e-22,1.5625340e-21,1.7144640e-04,-2.6367762e-21,-1.9531675e-22,-2.6367762e-21,1.7144640e-04
15,2,1.1088700e+02,1.9970354e+00,4.0111278e+02,8.0103643e+02,24,1.1976089e-05,-2.0309696e-22,1.0154848e-22,-2.0309696e-22,1.1976089e-05,-2.0309696e-22,1.0154848e-22,-2.0309696e-22,1.1976089e-05
15,3,1.4748700e+02,9.5941339e-01,9.9850276e+02,9.5797692e+02,24,3.5017051e-05,1.5172766e-14,1.5172765e-14,1.5172766e-14,3.5017051e-05,1.5172765e-14,1.5172765e-14,1.5172765e-14,3.5017051e-05
15,4,1.4856300e+02,1.0271929e+00,1.2700505e+03,1.3045869e+03,24,6.0618654e-05,1.6189744e-14,1.6189742e-14,1.6189744e-14,6.0618654e-05,1.6189747e-14,1.6189742e-14,1.6189747e-14,6.0618654e-05
15,5,1.7155200e+02,7.4908312e-01,8.5321542e+02,6.3912927e+02,24,1.9674032e-05,-2.9495611e-22,9.2173783e-23,-2.9495611e-22,1.9674032e-05,1.0139116e-22,9.2173783e-23,1.0139116e-22,1.9674032e-05
15,6,2.1323400e+02,0.0000000e+00,3.1713156e+02,0.0000000e+00,24,0.0000000e+00,0.0000000e+00,0.0000000e+00,0.0000000e+00,0.0000000e+00,0.0000000e+00,0.0000000e+00,0.0000000e+00,0.0000000e+00
16,1,1.0311200e+02,1.8158539e+00,1.5859365e+03,2.8798290e+03,24,1.7077634e-04,-2.2230990e-21,-2.9641320e-21,-2.2230990e-21,1.7077634e-04,1.4820660e-21,-2.9641320e-21,1.4820660e-21,1.7077634e-04
16,2,1.1014300e+02,2.1146753e+00,1.4410037e+02,3.0472549e+02,24,1.6372174e-06,-2.6891042e-23,2.6891042e-23,-2.6891042e-23,1.6372174e-06,-2.6891042e-23,2.6891042e-23,-2.6891042e-23,1.6372174e-06
16,3,1.4445100e+02,8.9900271e-01,1.7534006e+02,1.5763119e+02,24,1.0135156e-06,-3.3730346e-23,1.9676035e-23,-3.3730346e-23,1.0135156e-06,-1.1243449e-23,1.9676035e-23,-1.1243449e-23,1.0135156e-06
16,4,1.5393200e+02,1.2977410e+00,1.8101158e+03,2.3490614e+03,24,1.5508607e-04,-6.7801735e-22,-2.5829232e-22,-6.7801735e-22,1.5508607e-04,1.2914616e-22,-2.5829232e-22,1.2914616e-22,1.5508607e-04
16,5,1.6889400e+02,8.6275214e-01,1.4282813e+03,1.2322528e+03,24,6.3606947e-05,0.0000000e+00,0.0000000e+00,0.0000000e+00,6.3606947e-05,0.0000000e+00,0.0000000e+00,0.0000000e+00,6.3606947e-05
16,6,2.1412800e+02,0.0000000e+00,4.9241705e+02,0.0000000e+00,24,0.0000000e+00,0.0000000e+00,0.0000000e+00,0.0000000e+00,0.0000000e+00,0.0000000e+00,0.0000000e+00,0.0000000e+00,0.0000000e+00
17,1,9.0528800e+01,1.5846321e+00,1.9383283e+03,3.0715374e+03,24,2.2365541e-04,1.4879198e-17,1.4884396e-17,1.4879198e-17,2.2365541e-04,1.4888294e-17,1.4884396e-17,1.4888294e-17,2.2365541e-04
17,2,1.0309000e+02,1.6428993e+00,1.8410184e+03,3.0246078e+03,24,2.0821220e-04,-5.3636610e-21,0.0000000e+00,-5.3636610e-21,2.0821220e-04,1.1733008e-20,0.0000000e+00,1.1733008e-20,2.0821220e-04
17,3,1.5064400e+02,1.3879433e+00,1.4869462e+03,2.0637970e+03,24,1.1214001e-04,2.5359418e-15,2.5359396e-15,2.5359418e-15,1.1214001e-04,2.5359439e-15,2.5359396e-15,2.5359439e-15,1.1214001e-04
17,4,1.5327700e+02,1.8049016e+00,2.5539821e+03,4.6096863e+03,24,4.2956341e-04,4.9391660e-15,4.9391660e-15,4.9391660e-15,4.2956341e-04,4.9391689e-15,4.9391660e-15,4.9391689e-15,4.2956341e-04
17,5,1.6301800e+02,1.1442685e+00,1.6969738e+03,1.9417937e+03,24,1.1952970e-04,3.7357683e-18,3.7355701e-18,3.7357683e-18,1.1952970e-04,3.7356267e-18,3.7355701e-18,3.7356267e-18,1.1952970e-04
17,6,2.1800400e+02,0.0000000e+00,6.5549382e+02,0.0000000e+00,24,0.0000000e+00,0.0000000e+00,0.0000000e+00,0.0000000e+00,0.0000000e+00,0.0000000e+00,0.0000000e+00,0.0000000e+00,0.0000000e+00
18,1,7.5999800e+01,1.4917730e+00,2.1202052e+03,3.1628648e+03,24,2.5308328e-04,1.2289072e-21,0.0000000e+00,1.2289072e-21,2.5308328e-04,7.3734430e-21,0.0000000e+00,7.3734430e-21,2.5308328e-04
18,2,8.8974800e+01,1.2354732e+00,2.4567832e+03,3.0352897e+03,24,2.8028168e-04,6.0816823e-21,-4.0544549e-21,6.0816823e-21,2.8028168e-04,-4.0544549e-21,-4.0544549e-21,-4.0544549e-21,2.8028168e-04
18,3,1.3172900e+02,3.5672076e+00,3.2067648e+03,1.1439196e+04,24,1.3541703e-03,-2.2995374e-20,-2.2995374e-20,-2.2995374e-20,1.3541703e-03,2.2995374e-20,-2.2995374e-20,2.2995374e-20,1.3541703e-03
18,4,1.6066100e+02,1.2420525e+00,1.4479285e+03,1.7984032e+03,24,9.4593341e-05,-2.9546022e-21,-1.4773011e-21,-2.9546022e-21,9.4593341e-05,2.4621685e-21,-1.4773011e-21,2.4621685e-21,9.4593341e-05
18,5,1.6959200e+02,1.2676554e+00,1.1560333e+03,1.4654518e+03,24,6.1198156e-05,1.0308204e-20,1.0306015e-20,1.0308204e-20,6.1198156e-05,1.0300158e-20,1.0306015e-20,1.0300158e-20,6.1198156e-05
18,6,2.2221900e+02,0.0000000e+00,7.8602675e+02,0.0000000e+00,24,0.0000000e+00,0.0000000e+00,0.0000000e+00,0.0000000e+00,0.0000000e+00,0.0000000e+00,0.0000000e+00,0.0000000e+00,0.0000000e+00
19,1,5.9970800e+01,1.8542816e+00,2.2783030e+03,4.2246154e+03,24,3.6476620e-04,6.1356848e-21,1.2271370e-20,6.1356848e-21,3.6476620e-04,-6.1356848e-21,1.2271370e-20,-6.1356848e-21,3.6476620e-04
19,2,7.2112500e+01,7.9263263e-01,2.7130221e+03,2.1504298e+03,24,2.2042548e-04,5.2294564e-21,4.5757744e-21,5.2294564e-21,2.2042548e-04,-4.9026154e-21,4.5757744e-21,-4.9026154e-21,2.2042548e-04
19,3,1.0691400e+02,3.1639230e+00,3.5931924e+03,1.1368584e+04,24,1.5251064e-03,-9.2822468e-20,-4.1254430e-20,-9.2822468e-20,1.5251064e-03,5.1568038e-20,-4.1254430e-20,5.1568038e-20,1.5251064e-03
19,4,1.6836700e+02,1.1958174e+00,8.3585752e+02,9.9953294e+02,24,3.0204158e-05,0.0000000e+00,0.0000000e+00,0.0000000e+00,3.0204158e-05,0.0000000e+00,0.0000000e+00,0.0000000e+00,3.0204158e-05
19,5,1.7244400e+02,1.6313511e+00,4.9858539e+02,8.1336784e+02,24,1.4622443e-05,0.0000000e+00,0.0000000e+00,0.0000000e+00,1.4622443e-05,0.0000000e+00,0.0000000e+00,0.0000000e+00,1.4622443e-05
19,6,2.2837800e+02,0.0000000e+00,1.1678383e+03,0.0000000e+00,24,0.0000000e+00,0.0000000e+00,0.0000000e+00,0.0000000e+00,0.0000000e+00,0.0000000e+00,0.0000000e+00,0.0000000e+00,0.0000000e+00
20,1,4.2851700e+01,4.9694066e+00,2.3486301e+03,1.1671298e+04,24,1.0423497e-03,1.6498924e-20,3.2997848e-20,1.6498924e-20,1.0423497e-03,-1.6498924e-20,3.2997848e-20,-1.6498924e-20,1.0423497e-03
20,2,5.4046100e+01,1.0479345e+00,2.8573437e+03,2.9943091e+03,24,3.2466589e-04,-6.9440540e-21,-6.5100507e-21,-6.9440540e-21,3.2466589e-04,1.2152095e-20,-6.5100507e-21,1.2152095e-20,3.2466589e-04
20,3,8.0478200e+01,2.4466245e+00,3.9386546e+03,9.6364088e+03,24,1.4304941e-03,-3.2204879e-20,2.4153659e-20,-3.2204879e-20,1.4304941e-03,-2.8179269e-20,2.4153659e-20,-2.8179269e-20,1.4304941e-03
20,4,1.7156100e+02,1.4743557e+00,1.3499693e+02,1.9903349e+02,24,9.6937869e-07,2.7925828e-18,2.7925873e-18,2.7925828e-18,9.6937869e-07,2.7925828e-18,2.7925873e-18,2.7925828e-18,9.6937869e-07
20,5,1.7168500e+02,2.2476409e+00,3.1015475e+02,6.9711650e+02,24,7.7999566e-06,0.0000000e+00,3.4568200e-23,0.0000000e+00,7.7999566e-06,-2.7654560e-23,3.4568200e-23,-2.7654560e-23,7.7999566e-06
20,6,2.3761200e+02,0.0000000e+00,1.5083829e+03,0.0000000e+00,24,0.0000000e+00,0.0000000e+00,0.0000000e+00,0.0000000e+00,0.0000000e+00,0.0000000e+00,0.0000000e+00,0.0000000e+00,0.0000000e+00
21,1,2.6792500e+01,7.9525574e+01,2.2203153e+03,1.7657185e+05,12,1.4939854e-02,-4.1581758e-15,-2.5401788e-14,-4.1581758e-15,1.4939854e-02,-3.5800124e-14,-2.5401788e-14,-3.5800124e-14,1.4939854e-02
21,2,3.5846700e+01,1.9405912e+00,2.9453119e+03,5.7156463e+03,12,6.4081836e-04,-1.7867908e-15,9.0301191e-16,-1.7867908e-15,6.4081836e-04,9.9908866e-16,9.0301191e-16,9.9908866e-16,6.4081836e-04
21,3,5.3937000e+01,3.4566471e+00,4.2757050e+03,1.4779603e+04,12,2.3980479e-03,-9.9044299e-16,5.9430167e-16,-9.9044299e-16,2.3980479e-03,4.9536296e-16,5.9430167e-16,4.9536296e-16,2.3980479e-03
21,4,1.6960500e+02,2.4482585e+00,2.6834278e+02,6.5697249e+02,12,6.3683939e-06,2.0957469e-17,-4.1914380e-17,2.0957469e-17,6.3683939e-06,-7.1254478e-17,-4.1914380e-17,-7.1254478e-17,6.3683939e-06
21,5,1.7091300e+02,1.8932660e+00,2.9203510e+02,5.5290012e+02,12,5.8278431e-06,-1.0573408e-17,-3.5243450e-18,-1.0573408e-17,5.8278431e-06,-2.8195972e-17,-3.5243450e-18,-2.8195972e-17,5.8278431e-06
21,6,2.4729500e+02,0.0000000e+00,1.3694466e+03,0.0000000e+00,12,0.0000000e+00,0.0000000e+00,0.0000000e+00,0.0000000e+00,0.0000000e+00,0.0000000e+00,0.0000000e+00,0.0000000e+00,0.0000000e+00
22,1,3.5946500e+01,4.3567809e+01,1.8909400e+03,8.2384113e+04,6,5.9299846e-03,2.0756938e-14,1.4490648e-14,2.0756938e-14,5.9299846e-03,9.3994179e-15,1.4490648e-14,9.3994179e-15,5.9299846e-03
22,2,3.5946500e+01,5.2881952e+01,1.8909400e+03,9.9996598e+04,6,7.1977262e-03,9.9826038e-15,-1.3309954e-14,9.9826038e-15,7.1977262e-03,-1.4260077e-15,-1.3309954e-14,-1.4260077e-15,7.1977262e-03
22,3,8.1336100e+01,9.9421287e-01,4.3148400e+03,4.2898695e+03,6,6.9745543e-04,2.4222321e-16,7.6708718e-16,2.4222321e-16,6.9745543e-04,-1.2113520e-16,7.6708718e-16,-1.2113520e-16,6.9745543e-04
22,4,1.7104900e+02,2.3804385e+00,3.3813600e+02,8.0491197e+02,6,9.8226263e-06,-1.4511146e-17,1.4511451e-17,-1.4511146e-17,9.8226263e-06,-1.4511175e-17,1.4511451e-17,-1.4511175e-17,9.8226263e-06
22,5,1.7104900e+02,2.7501777e+00,3.3813600e+02,9.2993409e+02,6,1.1348316e-05,5.0296263e-17,1.3424548e-22,5.0296263e-17,1.1348316e-05,1.6765074e-17,1.3424548e-22,1.6765074e-17,1.1348316e-05
22,6,2.4040700e+02,0.0000000e+00,1.7735400e+03,0.0000000e+00,6,0.0000000e+00,0.0000000e+00,0.0000000e+00,0.0000000e+00,0.0000000e+00,0.0000000e+00,0.0000000e+00,0.0000000e+00,0.0000000e+00
23,1,4.6473800e+01,5.8960976e+00,1.8034820e+03,1.0633506e+04,24,7.2878402e-04,5.5998083e-17,5.6005419e-17,5.5998083e-17,7.2878402e-04,5.6020092e-17,5.6005419e-17,5.6020092e-17,7.2878402e-04
23,2,5.0129200e+01,6.3589599e+00,2.5356513e+03,1.6124105e+04,24,1.5526802e-03,2.1085037e-20,-2.1085037e-20,2.1085037e-20,1.5526802e-03,-2.1085037e-20,-2.1085037e-20,-2.1085037e-20,1.5526802e-03
23,3,1.0035000e+02,1.3835379e+00,3.8038801e+03,5.2628123e+03,24,7.4935199e-04,-5.6521495e-22,0.0000000e+00,-5.6521495e-22,7.4935199e-04,0.0000000e+00,0.0000000e+00,0.0000000e+00,7.4935199e-04
23,4,1.7260500e+02,2.0026578e+00,2.6909089e+02,5.3889696e+02,24,5.2282024e-06,2.4490488e-14,2.4490488e-14,2.4490488e-14,5.2282024e-06,2.4490488e-14,2.4490488e-14,2.4490488e-14,5.2282024e-06
23,5,1.7265300e+02,2.1282626e+00,3.2701668e+02,6.9597737e+02,24,8.2053864e-06,2.6232586e-14,2.6232586e-14,2.6232586e-14,8.2053864e-06,2.6232586e-14,2.6232586e-14,2.6232586e-14,8.2053864e-06
23,6,2.3100300e+02,0.0000000e+00,1.9071537e+03,0.0000000e+00,24,0.0000000e+00,0.0000000e+00,0.0000000e+00,0.0000000e+00,0.0000000e+00,0.0000000e+00,0.0000000e+00,0.0000000e+00,0.0000000e+00
24,1,5.9034200e+01,2.0500592e+00,1.7261731e+03,3.5387569e+03,24,2.3154940e-04,-3.3924730e-21,-3.3924730e-21,-3.3924730e-21,2.3154940e-04,3.3924730e-21,-3.3924730e-21,3.3924730e-21,2.3154940e-04
24,2,7.0552600e+01,2.3211393e+00,2.9015237e+03,6.7348407e+03,24,7.3862081e-04,-1.1490316e-20,-7.6602106e-21,-1.1490316e-20,7.3862081e-04,1.1490316e-20,-7.6602106e-21,1.1490316e-20,7.3862081e-04
24,3,1.1906900e+02,1.9321834e+00,3.0668276e+03,5.9256735e+03,24,6.7493971e-04,-1.0181483e-20,-6.2655279e-21,-1.0181483e-20,6.7493971e-04,-9.3982918e-21,-6.2655279e-21,-9.3982918e-21,6.7493971e-04
24,4,1.7156000e+02,1.5466122e+00,5.8941870e+02,9.1160213e+02,24,1.9385319e-05,4.4638747e-17,4.4638366e-17,4.4638747e-17,1.9385319e-05,4.4638747e-17,4.4638366e-17,4.4638747e-17,1.9385319e-05
24,5,1.7312000e+02,1.6305177e+00,3.4859365e+02,5.6838812e+02,24,7.1411078e-06,4.4074526e-17,4.4074486e-17,4.4074526e-17,7.1411078e-06,4.4074606e-17,4.4074486e-17,4.4074606e-17,7.1411078e-06
24,6,2.2173700e+02,0.0000000e+00,1.5785063e+03,0.0000000e+00,24,0.0000000e+00,0.0000000e+00,0.0000000e+00,0.0000000e+00,0.0000000e+00,0.0000000e+00,0.0000000e+00,0.0000000e+00,0.0000000e+00
25,1,7.1483500e+01,1.7623755e+00,1.6863604e+03,2.9720004e+03,24,1.8939020e-04,2.9073553e-21,-2.9073553e-21,2.9073553e-21,1.8939020e-04,2.9073553e-21,-2.9073553e-21,2.9073553e-21,1.8939020e-04
25,2,9.1400100e+01,1.7458169e+00,2.6694401e+03,4.6603535e+03,24,4.6720098e-04,5.7244637e-21,-5.7244637e-21,5.7244637e-21,4.6720098e-04,-5.7244637e-21,-5.7244637e-21,-5.7244637e-21,4.6720098e-04
25,3,1.3582000e+02,2.1585271e+00,2.1242301e+03,4.5852083e+03,24,3.5881151e-04,8.6785003e-21,3.4714001e-21,8.6785003e-21,3.5881151e-04,-1.7357001e-21,3.4714001e-21,-1.7357001e-21,3.5881151e-04
25,4,1.6618400e+02,1.4456471e+00,1.1253954e+03,1.6269246e+03,24,6.6284418e-05,4.4485053e-17,4.4487052e-17,4.4485053e-17,6.6284418e-05,4.4485946e-17,4.4487052e-17,4.4485946e-17,6.6284418e-05
25,5,1.7076700e+02,1.2201951e+00,7.3908873e+02,9.0183248e+02,24,2.4059668e-05,3.0831404e-17,3.0831765e-17,3.0831404e-17,2.4059668e-05,3.0831735e-17,3.0831765e-17,3.0831735e-17,2.4059668e-05
25,6,2.1628400e+02,0.0000000e+00,1.1221331e+03,0.0000000e+00,24,0.0000000e+00,0.0000000e+00,0.0000000e+00,0.0000000e+00,0.0000000e+00,0.0000000e+00,0.0000000e+00,0.0000000e+00,0.0000000e+00
26,1,8.3336300e+01,1.5969897e+00,1.7411644e+03,2.7806217e+03,24,1.8231228e-04,7.8758783e-21,3.2816159e-21,7.8758783e-21,1.8231228e-04,-2.9534543e-21,3.2816159e-21,-2.9534543e-21,1.8231228e-04
26,2,1.0798900e+02,1.4422230e+00,1.6831356e+03,2.4274570e+03,24,1.5247284e-04,5.2866212e-21,-8.2236330e-21,5.2866212e-21,1.5247284e-04,-7.0488283e-21,-8.2236330e-21,-7.0488283e-21,1.5247284e-04
26,3,1.4666200e+02,2.1060343e+00,1.0625874e+03,2.2378456e+03,24,8.7090426e-05,2.3140205e-16,2.3139826e-16,2.3140205e-16,8.7090426e-05,2.3139763e-16,2.3139826e-16,2.3139763e-16,8.7090426e-05
26,4,1.6252000e+02,1.0076898e+00,1.2873655e+03,1.2972651e+03,24,6.0598490e-05,2.7423270e-15,2.7423266e-15,2.7423270e-15,6.0598490e-05,2.7423274e-15,2.7423266e-15,2.7423274e-15,6.0598490e-05
26,5,1.6517400e+02,1.1040788e+00,1.1952267e+03,1.3196245e+03,24,5.7136713e-05,3.5416301e-15,3.5416297e-15,3.5416301e-15,5.7136713e-05,3.5416302e-15,3.5416297e-15,3.5416302e-15,5.7136713e-05
26,6,2.1365400e+02,0.0000000e+00,7.8768175e+02,0.0000000e+00,24,0.0000000e+00,0.0000000e+00,0.0000000e+00,0.0000000e+00,0.0000000e+00,0.0000000e+00,0.0000000e+00,0.0000000e+00,0.0000000e+00
27,1,9.4770500e+01,1.5212181e+00,1.8201006e+03,2.7687700e+03,24,1.8902811e-04,-7.4730563e-21,0.0000000e+00,-7.4730563e-21,1.8902811e-04,1.6425155e-20,0.0000000e+00,1.6425155e-20,1.8902811e-04
27,2,1.1258700e+02,1.6288136e+00,4.4432894e+02,7.2372902e+02,24,1.1977387e-05,1.5166437e-17,1.5166933e-17,1.5166437e-17,1.1977387e-05,1.5167306e-17,1.5166933e-17,1.5167306e-17,1.1977387e-05
27,3,1.5112400e+02,2.0235110e+00,9.2532266e+02,1.8724006e+03,24,6.3295204e-05,5.5443691e-17,5.5441674e-17,5.5443691e-17,6.3295204e-05,5.5443691e-17,5.5441674e-17,5.5443691e-17,6.3295204e-05
27,4,1.5705200e+02,1.2244442e+00,1.4886315e+03,1.8227462e+03,24,9.8783675e-05,2.9190628e-21,-5.7773117e-22,2.9190628e-21,9.8783675e-05,-2.6530024e-21,-5.7773117e-22,-2.6530024e-21,9.8783675e-05
27,5,1.6785700e+02,7.2486848e-01,8.0012304e+02,5.7998397e+02,24,1.6782295e-05,1.9661175e-17,1.9661139e-17,1.9661175e-17,1.6782295e-05,1.9661211e-17,1.9661139e-17,1.9661211e-17,1.6782295e-05
27,6,2.1159500e+02,0.0000000e+00,5.0225359e+02,0.0000000e+00,24,0.0000000e+00,0.0000000e+00,0.0000000e+00,0.0000000e+00,0.0000000e+00,0.0000000e+00,0.0000000e+00,0.0000000e+00,0.0000000e+00
28,1,1.0489200e+02,1.5486676e+00,1.4461464e+03,2.2396001e+03,24,1.2101829e-04,1.9139309e-14,1.9139310e-14,1.9139309e-14,1.2101829e-04,1.9139311e-14,1.9139310e-14,1.9139311e-14,1.2101829e-04
28,2,1.0526900e+02,1.9313132e+00,1.5025406e+03,2.9018765e+03,24,1.6289499e-04,2.2158223e-14,2.2158223e-14,2.2158223e-14,1.6289499e-04,2.2158223e-14,2.2158223e-14,2.2158223e-14,1.6289499e-04
28,3,1.4834400e+02,9.3957907e-01,1.2704184e+03,1.1936585e+03,24,5.5487201e-05,2.2512927e-21,-5.4230359e-22,2.2512927e-21,5.5487201e-05,-2.0820061e-21,-5.4230359e-22,-2.0820061e-21,5.5487201e-05
28,4,1.5950700e+02,1.5694570e+00,9.8986389e+02,1.5535488e+03,24,5.5902516e-05,1.0896822e-21,6.2267555e-22,1.0896822e-21,5.5902516e-05,-3.1133778e-22,6.2267555e-22,-3.1133778e-22,5.5902516e-05
28,5,1.6902500e+02,8.2420659e-01,4.6782944e+02,3.8558811e+02,24,6.5187710e-06,4.0633297e-23,8.1266593e-23,4.0633297e-23,6.5187710e-06,-4.0633297e-23,8.1266593e-23,-4.0633297e-23,6.5187710e-06
28,6,2.1117300e+02,0.0000000e+00,4.4406422e+02,0.0000000e+00,24,0.0000000e+00,0.0000000e+00,0.0000000e+00,0.0000000e+00,0.0000000e+00,0.0000000e+00,0.0000000e+00,0.0000000e+00,0.0000000e+00
29,1,9.3252400e+01,1.5927062e+00,1.6702580e+03,2.6602303e+03,24,1.6675686e-04,2.6095043e-21,1.3047521e-21,2.6095043e-21,1.6675686e-04,-2.6095043e-21,1.3047521e-21,-2.6095043e-21,1.6675686e-04
29,2,1.0974600e+02,1.9072224e+00,2.6743984e+02,5.1006726e+02,24,5.0869605e-06,1.4554217e-22,-1.0915663e-22,1.4554217e-22,5.0869605e-06,-8.4899599e-23,-1.0915663e-22,-8.4899599e-23,5.0869605e-06
29,3,1.4477900e+02,9.2346617e-01,3.2154260e+02,2.9693372e+02,24,3.5004735e-06,2.8778461e-17,2.8778369e-17,2.8778461e-17,3.5004735e-06,2.8778553e-17,2.8778369e-17,2.8778553e-17,3.5004735e-06
29,4,1.5617100e+02,1.1682846e+00,1.7576354e+03,2.0534184e+03,24,1.3146362e-04,1.0638922e-17,1.0639387e-17,1.0638922e-17,1.3146362e-04,1.0636600e-17,1.0639387e-17,1.0636600e-17,1.3146362e-04
29,5,1.7148700e+02,1.1387301e+00,1.8740790e+03,2.1340701e+03,24,1.4429819e-04,-8.4075178e-23,0.0000000e+00,-8.4075178e-23,1.4429819e-04,-8.9680190e-22,0.0000000e+00,-8.9680190e-22,1.4429819e-04
29,6,2.1345600e+02,0.0000000e+00,7.2302617e+02,0.0000000e+00,24,0.0000000e+00,0.0000000e+00,0.0000000e+00,0.0000000e+00,0.0000000e+00,0.0000000e+00,0.0000000e+00,0.0000000e+00,0.0000000e+00
30,1,8.0472800e+01,2.4300616e+00,1.8263557e+03,4.4381568e+03,24,3.0550032e-04,1.3994275e-20,3.9983644e-21,1.3994275e-20,3.0550032e-04,-5.9975465e-21,3.9983644e-21,-5.9975465e-21,3.0550032e-04
30,2,1.0184100e+02,1.4215058e+00,1.9962459e+03,2.8376751e+03,24,2.1191802e-04,9.2862683e-21,-5.2235259e-21,9.2862683e-21,2.1191802e-04,2.3215671e-21,-5.2235259e-21,2.3215671e-21,2.1191802e-04
30,3,1.4037900e+02,2.1129698e+00,2.4654954e+03,5.2095172e+03,24,4.7202698e-04,1.9413045e-15,1.9413215e-15,1.9413045e-15,4.7202698e-04,1.9413283e-15,1.9413215e-15,1.9413283e-15,4.7202698e-04
30,4,1.5183500e+02,1.4720299e+00,1.6123225e+03,2.3733869e+03,24,1.3974026e-04,-4.6934167e-21,-4.2534089e-21,-4.6934167e-21,1.3974026e-04,3.2267240e-21,-4.2534089e-21,3.2267240e-21,1.3974026e-04
30,5,1.7619100e+02,1.3665775e+00,1.3230181e+03,1.8080067e+03,24,8.6036794e-05,-8.0468396e-22,-1.0729120e-21,-8.0468396e-22,8.6036794e-05,8.0468396e-22,-1.0729120e-21,8.0468396e-22,8.6036794e-05
30,6,2.1681400e+02,0.0000000e+00,8.5748584e+02,0.0000000e+00,24,0.0000000e+00,0.0000000e+00,0.0000000e+00,0.0000000e+00,0.0000000e+00,0.0000000e+00,0.0000000e+00,0.0000000e+00,0.0000000e+00
31,1,6.6763700e+01,5.0568053e+00,2.0094022e+03,1.0161156e+04,24,7.7252116e-04,-1.6705060e-20,-1.6705060e-20,-1.6705060e-20,7.7252116e-04,1.6705060e-20,-1.6705060e-20,1.6705060e-20,7.7252116e-04
31,2,8.7216900e+01,1.1692811e+00,2.5922579e+03,3.0310781e+03,24,2.9550180e-04,1.5358016e-20,4.7993800e-22,1.5358016e-20,2.9550180e-04,-9.8387289e-21,4.7993800e-22,-9.8387289e-21,2.9550180e-04
31,3,1.2114200e+02,2.8806009e+00,2.9239856e+03,8.4228358e+03,24,9.1381700e-04,-2.7996350e-20,-1.3998175e-20,-2.7996350e-20,9.1381700e-04,2.5663321e-20,-1.3998175e-20,2.5663321e-20,9.1381700e-04
31,4,1.6195800e+02,1.3386823e+00,1.4625657e+03,1.9579107e+03,24,1.0394169e-04,4.2425836e-21,5.8335525e-21,4.2425836e-21,1.0394169e-04,-9.2806517e-21,5.8335525e-21,-9.2806517e-21,1.0394169e-04
31,5,1.7686300e+02,1.8037756e+00,7.2479279e+02,1.3073636e+03,24,3.4066969e-05,3.5388095e-22,3.5388095e-22,3.5388095e-22,3.4066969e-05,-3.5388095e-22,3.5388095e-22,-3.5388095e-22,3.4066969e-05
31,6,2.2177600e+02,0.0000000e+00,1.0832692e+03,0.0000000e+00,24,0.0000000e+00,0.0000000e+00,0.0000000e+00,0.0000000e+00,0.0000000e+00,0.0000000e+00,0.0000000e+00,0.0000000e+00,0.0000000e+00
32,1,5.3082500e+01,1.6411721e+01,2.1257044e+03,3.4886467e+04,12,2.8146426e-03,-2.1048557e-15,-3.2155357e-15,-2.1048557e-15,2.8146426e-03,-1.3445680e-15,-3.2155357e-15,-1.3445680e-15,2.8146426e-03
32,2,7.0588100e+01,7.4339298e-01,2.8069169e+03,2.0866423e+03,12,2.2138159e-04,6.2682267e-17,-2.6465009e-16,6.2682267e-17,2.2138159e-04,-3.4824588e-17,-2.6465009e-16,-3.4824588e-17,2.2138159e-04
32,3,1.0071200e+02,2.1260325e+00,3.4257061e+03,7.2831624e+03,12,9.3379361e-04,-1.2035670e-16,-4.3326572e-16,-1.2035670e-16,9.3379361e-04,-2.6479138e-16,-4.3326572e-16,-2.6479138e-16,9.3379361e-04
32,4,1.6901800e+02,1.1933912e+00,7.9068963e+02,9.4360208e+02,12,2.6961958e-05,7.2268319e-17,4.2156937e-17,7.2268319e-17,2.6961958e-05,-4.2156828e-17,4.2156937e-17,-4.2156828e-17,2.6961958e-05
32,5,1.7439000e+02,2.4487874e+00,5.2315295e+02,1.2810904e+03,12,2.4134948e-05,-6.5182688e-17,8.1476042e-18,-6.5182688e-17,2.4134948e-05,4.0740211e-17,8.1476042e-18,4.0740211e-17,2.4134948e-05
32,6,2.2927100e+02,0.0000000e+00,1.4063519e+03,0.0000000e+00,12,0.0000000e+00,0.0000000e+00,0.0000000e+00,0.0000000e+00,0.0000000e+00,0.0000000e+00,0.0000000e+00,0.0000000e+00,0.0000000e+00
33,1,5.0572700e+01,1.7833272e+01,1.5355200e+03,2.7383346e+04,6,1.5966941e-03,-4.8049104e-15,1.0389752e-15,-4.8049104e-15,1.5966941e-03,1.9479352e-15,1.0389752e-15,1.9479352e-15,1.5966941e-03
33,2,5.0572700e+01,1.9636749e+01,1.5355200e+03,3.0152621e+04,6,1.7581676e-03,-4.8616198e-15,1.7158902e-15,-4.8616198e-15,1.7581676e-03,1.7159778e-15,1.7158902e-15,1.7159778e-15,1.7581676e-03
33,3,1.1424000e+02,1.4953616e+00,3.3218100e+03,4.9673071e+03,6,6.1413903e-04,-5.6388655e-20,1.4776731e-15,-5.6388655e-20,6.1413903e-04,2.1241473e-15,1.4776731e-15,2.1241473e-15,6.1413903e-04
33,4,1.7435500e+02,2.4226358e+00,4.2611300e+02,1.0323166e+03,6,1.5841112e-05,-3.7142018e-17,3.7141962e-17,-3.7142018e-17,1.5841112e-05,-9.2854302e-17,3.7141962e-17,-9.2854302e-17,1.5841112e-05
33,5,1.7435500e+02,3.0012521e+00,4.2611300e+02,1.2788725e+03,6,1.9624564e-05,-2.3006462e-17,-9.2109659e-22,-2.3006462e-17,1.9624564e-05,-4.6012695e-17,-9.2109659e-22,-4.6012695e-17,1.9624564e-05
33,6,2.2337300e+02,0.0000000e+00,2.1191300e+03,0.0000000e+00,6,0.0000000e+00,0.0000000e+00,0.0000000e+00,0.0000000e+00,0.0000000e+00,0.0000000e+00,0.0000000e+00,0.0000000e+00,0.0000000e+00
34,1,5.8415900e+01,5.3938840e+00,1.3629538e+03,7.3516150e+03,24,3.7986814e-04,-1.1716861e-20,-4.4635662e-21,-1.1716861e-20,3.7986814e-04,2.2317831e-21,-4.4635662e-21,2.2317831e-21,3.7986814e-04
34,2,6.2797200e+01,8.3375050e+00,2.3030077e+03,1.9201338e+04,24,1.6747670e-03,-2.7569889e-20,2.7569889e-20,-2.7569889e-20,1.6747670e-03,2.7569889e-20,2.7569889e-20,2.7569889e-20,1.6747670e-03
34,3,1.2749600e+02,1.7136861e+00,2.4679061e+03,4.2292163e+03,24,3.8610623e-04,7.3512285e-22,2.7675213e-21,7.3512285e-22,3.8610623e-04,-6.9188033e-22,2.7675213e-21,-6.9188033e-22,3.8610623e-04
34,4,1.7525700e+02,2.0891090e+00,4.8401011e+02,1.0111499e+03,24,1.7614018e-05,5.6391668e-17,5.6391462e-17,5.6391668e-17,1.7614018e-05,5.6391565e-17,5.6391462e-17,5.6391565e-17,1.7614018e-05
34,5,1.7574000e+02,1.9790315e+00,4.1901869e+02,8.2925118e+02,24,1.2501683e-05,5.3402906e-17,5.3402979e-17,5.3402906e-17,1.2501683e-05,5.3403027e-17,5.3402979e-17,5.3403027e-17,1.2501683e-05
34,6,2.1467600e+02,0.0000000e+00,1.8046548e+03,0.0000000e+00,24,0.0000000e+00,0.0000000e+00,0.0000000e+00,0.0000000e+00,0.0000000e+00,0.0000000e+00,0.0000000e+00,0.0000000e+00,0.0000000e+00
35,1,6.7346100e+01,2.5802522e+00,1.2302090e+03,3.1742496e+03,24,1.4772551e-04,-2.1306351e-21,2.1306351e-21,-2.1306351e-21,1.4772551e-04,-2.1306351e-21,2.1306351e-21,-2.1306351e-21,1.4772551e-04
35,2,8.2335000e+01,2.9639324e+00,2.9116738e+03,8.6300045e+03,24,9.4651103e-04,-1.9495826e-20,-1.9495826e-20,-1.9495826e-20,9.4651103e-04,1.9495826e-20,-1.9495826e-20,1.9495826e-20,9.4651103e-04
35,3,1.3715300e+02,1.8636328e+00,1.1309010e+03,2.1075841e+03,24,8.7743403e-05,1.7151353e-17,1.7152382e-17,1.7151353e-17,8.7743403e-05,1.7152382e-17,1.7152382e-17,1.7152382e-17,8.7743403e-05
35,4,1.7324400e+02,1.3889560e+00,9.1334891e+02,1.2686015e+03,24,4.1756847e-05,3.3787666e-16,3.3787748e-16,3.3787666e-16,4.1756847e-05,3.3787748e-16,3.3787748e-16,3.3787748e-16,4.1756847e-05
35,5,1.7526800e+02,1.4485612e+00,5.7139156e+02,8.2769564e+02,24,1.7021185e-05,3.5190552e-16,3.5190595e-16,3.5190552e-16,1.7021185e-05,3.5190566e-16,3.5190595e-16,3.5190566e-16,1.7021185e-05
35,6,2.0961400e+02,0.0000000e+00,1.1662364e+03,0.0000000e+00,24,0.0000000e+00,0.0000000e+00,0.0000000e+00,0.0000000e+00,0.0000000e+00,0.0000000e+00,0.0000000e+00,0.0000000e+00,0.0000000e+00
36,1,7.6237100e+01,1.9135104e+00,1.2357016e+03,2.3645278e+03,24,1.1026379e-04,7.8811060e-22,4.7286636e-21,7.8811060e-22,1.1026379e-04,-1.9702765e-21,4.7286636e-21,-1.9702765e-21,1.1026379e-04
36,2,1.0270500e+02,1.7535643e+00,2.5078066e+03,4.3976003e+03,24,4.1243400e-04,-2.0040374e-20,5.7258210e-21,-2.0040374e-20,4.1243400e-04,8.5887316e-21,5.7258210e-21,8.5887316e-21,4.1243400e-04
36,3,1.4013900e+02,2.6069908e+00,7.5947766e+02,1.9799513e+03,24,5.5270104e-05,7.1867011e-17,7.1867795e-17,7.1867011e-17,5.5270104e-05,7.1868580e-17,7.1867795e-17,7.1868580e-17,5.5270104e-05
36,4,1.7175200e+02,8.5896261e-01,1.3641131e+03,1.1717221e+03,24,5.7658656e-05,2.0592621e-11,2.0592621e-11,2.0592621e-11,5.7658656e-05,2.0592621e-11,2.0592621e-11,2.0592621e-11,5.7658656e-05
36,5,1.7202200e+02,1.1425349e+00,9.3877477e+02,1.0725829e+03,24,3.6316621e-05,2.7444342e-11,2.7444342e-11,2.7444342e-11,3.6316621e-05,2.7444342e-11,2.7444342e-11,2.7444342e-11,3.6316621e-05
36,6,2.0860900e+02,0.0000000e+00,7.4806740e+02,0.0000000e+00,24,0.0000000e+00,0.0000000e+00,0.0000000e+00,0.0000000e+00,0.0000000e+00,0.0000000e+00,0.0000000e+00,0.0000000e+00,0.0000000e+00
37,1,8.5215800e+01,1.7789217e+00,1.4459357e+03,2.5722065e+03,24,1.3996712e-04,2.9226005e-21,2.9226005e-21,2.9226005e-21,1.3996712e-04,-2.9226005e-21,2.9226005e-21,-2.9226005e-21,1.3996712e-04
37,2,1.1369300e+02,1.5193323e+00,1.9611169e+02,2.9795882e+02,24,2.1753738e-06,1.4140537e-17,1.4140537e-17,1.4140537e-17,2.1753738e-06,1.4140518e-17,1.4140537e-17,1.4140518e-17,2.1753738e-06
37,3,1.4219700e+02,3.6129209e+00,1.7933931e+03,6.4793873e+03,24,4.2662881e-04,-8.6862408e-21,-5.7908272e-21,-8.6862408e-21,4.2662881e-04,1.8820188e-20,-5.7908272e-21,1.8820188e-20,4.2662881e-04
37,4,1.6589800e+02,1.1884120e+00,1.3295570e+03,1.5800615e+03,24,7.6067316e-05,3.2272758e-17,3.2270644e-17,3.2272758e-17,7.6067316e-05,3.2274754e-17,3.2270644e-17,3.2274754e-17,7.6067316e-05
37,5,1.7420700e+02,7.1229609e-01,1.4844969e+03,1.0574013e+03,24,5.6533978e-05,6.4135114e-18,6.4133014e-18,6.4135114e-18,5.6533978e-05,6.4135814e-18,6.4133014e-18,6.4135814e-18,5.6533978e-05
37,6,2.0842900e+02,0.0000000e+00,5.1943174e+02,0.0000000e+00,24,0.0000000e+00,0.0000000e+00,0.0000000e+00,0.0000000e+00,0.0000000e+00,0.0000000e+00,0.0000000e+00,0.0000000e+00,0.0000000e+00
38,1,9.5010400e+01,1.6876766e+00,1.7155579e+03,2.8953069e+03,24,1.8629720e-04,1.9196631e-13,1.9196631e-13,1.9196631e-13,1.8629720e-04,1.9196631e-13,1.9196631e-13,1.9196631e-13,1.8629720e-04
38,2,1.0851700e+02,1.4811150e+00,1.2338505e+03,1.8274745e+03,24,8.4157871e-05,1.5791592e-06,1.5791592e-06,1.5791592e-06,8.4157871e-05,1.5791592e-06,1.5791592e-06,1.5791592e-06,8.4157871e-05
38,3,1.5187600e+02,2.0413149e+00,1.7537467e+03,3.5799494e+03,24,2.2935759e-04,-3.8630147e-06,-3.8630147e-06,-3.8630147e-06,2.2935759e-04,-3.8630147e-06,-3.8630147e-06,-3.8630147e-06,2.2935759e-04
38,4,1.5744300e+02,1.1000005e+00,1.5804704e+03,1.7385183e+03,24,1.0000828e-04,-3.4957040e-21,-6.8275469e-21,-3.4957040e-21,1.0000828e-04,7.1006488e-22,-6.8275469e-21,7.1006488e-22,1.0000828e-04
38,5,1.7732600e+02,9.5518332e-01,1.6269004e+03,1.5539882e+03,24,9.0871940e-05,7.3673042e-08,7.3673042e-08,7.3673042e-08,9.0871940e-05,7.3673042e-08,7.3673042e-08,7.3673042e-08,9.0871940e-05
38,6,2.0777900e+02,0.0000000e+00,5.4826131e+02,0.0000000e+00,24,0.0000000e+00,0.0000000e+00,0.0000000e+00,0.0000000e+00,0.0000000e+00,0.0000000e+00,0.0000000e+00,0.0000000e+00,0.0000000e+00
39,1,9.8726000e+01,1.7377598e+00,1.4605929e+03,2.5381597e+03,24,1.3885369e-04,-4.2621790e-21,-3.5518158e-21,-4.2621790e-21,1.3885369e-04,2.8414527e-21,-3.5518158e-21,2.8414527e-21,1.3885369e-04
39,2,1.0510900e+02,1.8605257e+00,1.5043835e+03,2.7989441e+03,24,1.5731977e-04,-6.0692858e-21,-5.9270369e-21,-6.0692858e-21,1.5731977e-04,4.5282562e-21,-5.9270369e-21,4.5282562e-21,1.5731977e-04
39,3,1.4845800e+02,9.0702166e-01,1.3102356e+03,1.1884121e+03,24,5.6971083e-05,2.3396278e-16,2.3396323e-16,2.3396278e-16,5.6971083e-05,2.3396088e-16,2.3396323e-16,2.3396088e-16,5.6971083e-05
39,4,1.5447300e+02,1.1166588e+00,9.4268013e+02,1.0526520e+03,24,3.6181253e-05,2.5080470e-16,2.5080471e-16,2.5080470e-16,3.6181253e-05,2.5080469e-16,2.5080471e-16,2.5080469e-16,3.6181253e-05
39,5,1.8162500e+02,1.2596663e+00,1.8174496e+03,2.2893800e+03,24,1.4910755e-04,0.0000000e+00,0.0000000e+00,0.0000000e+00,1.4910755e-04,0.0000000e+00,0.0000000e+00,0.0000000e+00,1.4910755e-04
39,6,2.0773900e+02,0.0000000e+00,8.5531266e+02,0.0000000e+00,24,0.0000000e+00,0.0000000e+00,0.0000000e+00,0.0000000e+00,0.0000000e+00,0.0000000e+00,0.0000000e+00,0.0000000e+00,0.0000000e+00
40,1,8.8151100e+01,3.7824043e+00,1.6209151e+03,6.1309562e+03,24,3.7362617e-04,6.2080926e-21,-4.6560694e-21,6.2080926e-21,3.7362617e-04,5.4320810e-21,-4.6560694e-21,5.4320810e-21,3.7362617e-04
40,2,1.0943100e+02,1.7825443e+00,3.4152458e+02,6.0878267e+02,24,7.7543656e-06,4.5348589e-22,3.4011442e-23,4.5348589e-22,7.7543656e-06,-6.0653738e-22,3.4011442e-23,-6.0653738e-22,7.7543656e-06
40,3,1.4503800e+02,8.7581103e-01,4.0650986e+02,3.5602581e+02,24,5.3054147e-06,1.3753925e-14,1.3753925e-14,1.3753925e-14,5.3054147e-06,1.3753925e-14,1.3753925e-14,1.3753925e-14,5.3054147e-06
40,4,1.4670000e+02,1.3527872e+00,1.4495611e+03,1.9609477e+03,24,1.0410437e-04,1.9656801e-14,1.9656798e-14,1.9656801e-14,1.0410437e-04,1.9656807e-14,1.9656798e-14,1.9656807e-14,1.0410437e-04
40,5,1.8444600e+02,1.4666556e+00,1.1843498e+03,1.7370333e+03,24,7.3579826e-05,8.5875922e-22,0.0000000e+00,8.5875922e-22,7.3579826e-05,0.0000000e+00,0.0000000e+00,0.0000000e+00,7.3579826e-05
40,6,2.1030100e+02,0.0000000e+00,9.8729050e+02,0.0000000e+00,24,0.0000000e+00,0.0000000e+00,0.0000000e+00,0.0000000e+00,0.0000000e+00,0.0000000e+00,0.0000000e+00,0.0000000e+00,0.0000000e+00
41,1,7.7139700e+01,5.8838835e+00,1.8375301e+03,1.0811813e+04,12,7.4953676e-04,-7.2003604e-17,-3.6020433e-16,-7.2003604e-17,7.4953676e-04,-1.0806603e-15,-3.6020433e-16,-1.0806603e-15,7.4953676e-04
41,2,1.0131800e+02,1.2890849e+00,2.0584868e+03,2.6535642e+03,12,2.0438875e-04,-9.6446540e-17,2.6310880e-17,-9.6446540e-17,2.0438875e-04,5.2599583e-17,2.6310880e-17,5.2599583e-17,2.0438875e-04
41,3,1.3473500e+02,2.0081577e+00,2.1585283e+03,4.3346651e+03,12,3.4487500e-04,-1.4108838e-16,2.8220767e-17,-1.4108838e-16,3.4487500e-04,-6.4146177e-21,2.8220767e-17,-6.4146177e-21,3.4487500e-04
41,4,1.5232100e+02,1.4970398e+00,1.6621111e+03,2.4882465e+03,12,1.5098456e-04,-3.2085704e-17,-4.8135308e-17,-3.2085704e-17,1.5098456e-04,1.7647813e-16,-4.8135308e-17,1.7647813e-16,1.5098456e-04
41,5,1.8201100e+02,1.9224960e+00,7.3108053e+02,1.4054994e+03,12,3.6812888e-05,8.8942438e-18,1.4229107e-16,8.8942438e-18,3.6812888e-05,4.4467461e-17,1.4229107e-16,4.4467461e-17,3.6812888e-05
41,6,2.1537000e+02,0.0000000e+00,9.8007687e+02,0.0000000e+00,12,0.0000000e+00,0.0000000e+00,0.0000000e+00,0.0000000e+00,0.0000000e+00,0.0000000e+00,0.0000000e+00,0.0000000e+00,0.0000000e+00
42,1,6.1945000e+01,1.0169261e+01,1.1355800e+03,1.1548009e+04,6,4.9675325e-04,-6.5556136e-15,-2.8407879e-15,-6.5556136e-15,4.9675325e-04,4.3704645e-16,-2.8407879e-15,4.3704645e-16,4.9675325e-04
42,2,6.1945000e+01,1.0153001e+01,1.1355800e+03,1.1529544e+04,6,4.9595897e-04,-5.6724537e-15,-3.2725614e-15,-5.6724537e-15,4.9595897e-04,-2.6180552e-15,-3.2725614e-15,-2.6180552e-15,4.9595897e-04
42,3,1.3532500e+02,1.6778141e+00,1.4331400e+03,2.4045425e+03,6,1.2698072e-04,-1.7705833e-16,-8.8529255e-17,-1.7705833e-16,1.2698072e-04,-1.3379076e-20,-8.8529255e-17,-1.3379076e-20,1.2698072e-04
42,4,1.7805100e+02,2.3134200e+00,4.2759000e+02,9.8919528e+02,6,1.5194485e-05,3.5502838e-17,7.1005676e-17,3.5502838e-17,1.5194485e-05,7.1005676e-17,7.1005676e-17,7.1005676e-17,1.5194485e-05
42,5,1.7805100e+02,1.6887288e+00,4.2759000e+02,7.2208355e+02,6,1.1091529e-05,1.5549411e-16,1.0366308e-16,1.5549411e-16,1.1091529e-05,7.2663414e-28,1.0366308e-16,7.2663414e-28,1.1091529e-05
42,6,2.0739000e+02,0.0000000e+00,1.3868600e+03,0.0000000e+00,6,0.0000000e+00,0.0000000e+00,0.0000000e+00,0.0000000e+00,0.0000000e+00,0.0000000e+00,0.0000000e+00,0.0000000e+00,0.0000000e+00
43,1,6.7383700e+01,4.6538240e+00,9.3625000e+02,4.3571427e+03,24,1.5432096e-04,-2.4017770e-22,0.0000000e+00,-2.4017770e-22,1.5432096e-04,0.0000000e+00,0.0000000e+00,0.0000000e+00,1.5432096e-04
43,2,7.2489700e+01,4.9794214e+00,2.1342374e+03,1.0627267e+04,24,8.5684492e-04,2.4636524e-20,1.6424350e-20,2.4636524e-20,8.5684492e-04,-4.1060874e-21,1.6424350e-20,-4.1060874e-21,8.5684492e-04
43,3,1.3867400e+02,2.1775751e+00,3.6914571e+01,8.0384249e+01,24,1.0915083e-07,8.0107275e-21,8.0099805e-21,8.0107275e-21,1.0915083e-07,8.0116879e-21,8.0099805e-21,8.0116879e-21,1.0915083e-07
43,4,1.7878900e+02,1.6676579e+00,5.9241323e+02,9.8794260e+02,24,2.1014366e-05,5.9279153e-14,5.9279153e-14,5.9279153e-14,2.1014366e-05,5.9279153e-14,5.9279153e-14,5.9279153e-14,2.1014366e-05
43,5,1.7900800e+02,1.8324424e+00,4.5471227e+02,8.3323405e+02,24,1.3601884e-05,6.6327551e-14,6.6327551e-14,6.6327551e-14,1.3601884e-05,6.6327551e-14,6.6327551e-14,6.6327551e-14,1.3601884e-05
43,6,2.0401400e+02,0.0000000e+00,5.7400072e+02,0.0000000e+00,24,0.0000000e+00,0.0000000e+00,0.0000000e+00,0.0000000e+00,0.0000000e+00,0.0000000e+00,0.0000000e+00,0.0000000e+00,0.0000000e+00
44,1,7.3215300e+01,2.7717997e+00,7.9739930e+02,2.2102311e+03,24,6.6567707e-05,2.6172056e-17,2.6170628e-17,2.6172056e-17,6.6567707e-05,2.6171770e-17,2.6170628e-17,2.6171770e-17,6.6567707e-05
44,2,9.0895500e+01,3.8043998e+00,2.8828165e+03,1.0967386e+04,24,1.1875754e-03,1.2476667e-20,2.4953334e-20,1.2476667e-20,1.1875754e-03,-1.8715001e-20,2.4953334e-20,-1.8715001e-20,1.1875754e-03
44,3,1.3570400e+02,2.8212844e+00,1.1681543e+03,3.2956957e+03,24,1.4183360e-04,2.6025250e-19,2.5991573e-19,2.6025250e-19,1.4183360e-04,2.5934854e-19,2.5991573e-19,2.5934854e-19,1.4183360e-04
44,4,1.7770700e+02,1.4175989e+00,6.8545178e+02,9.7169573e+02,24,2.3932292e-05,3.8202511e-15,3.8202522e-15,3.8202511e-15,2.3932292e-05,3.8202506e-15,3.8202522e-15,3.8202506e-15,2.3932292e-05
44,5,1.7939600e+02,1.1047475e+00,9.0842054e+02,1.0035753e+03,24,3.2720351e-05,2.4087425e-15,2.4087430e-15,2.4087425e-15,3.2720351e-05,2.4087430e-15,2.4087430e-15,2.4087430e-15,3.2720351e-05
44,6,2.0470000e+02,0.0000000e+00,2.9841758e+02,0.0000000e+00,24,0.0000000e+00,0.0000000e+00,0.0000000e+00,0.0000000e+00,0.0000000e+00,0.0000000e+00,0.0000000e+00,0.0000000e+00,0.0000000e+00
45,1,7.9140500e+01,2.1623409e+00,8.8971141e+02,1.9238594e+03,24,6.4539076e-05,2.2245688e-21,4.4491377e-22,2.2245688e-21,6.4539076e-05,2.2245688e-22,4.4491377e-22,2.2245688e-22,6.4539076e-05
45,2,1.0938100e+02,1.7505548e+00,1.9893620e+03,3.4824871e+03,24,2.5838923e-04,1.9586984e-15,1.9586970e-15,1.9586984e-15,2.5838923e-04,1.9587048e-15,1.9586970e-15,1.9587048e-15,2.5838923e-04
45,3,1.3012000e+02,3.9905174e+00,1.5344324e+03,6.1231790e+03,24,3.4712334e-04,3.6856515e-17,3.6861744e-17,3.6856515e-17,3.4712334e-04,3.6853699e-17,3.6861744e-17,3.6853699e-17,3.4712334e-04
45,4,1.7370200e+02,1.2773564e+00,1.0466825e+03,1.3369867e+03,24,5.0417006e-05,3.4515804e-17,3.4513041e-17,3.4515804e-17,5.0417006e-05,3.4514925e-17,3.4513041e-17,3.4514925e-17,5.0417006e-05
45,5,1.8191300e+02,8.6508327e-01,1.0771753e+03,9.3184636e+02,24,3.5963672e-05,1.6272395e-16,1.6272407e-16,1.6272395e-16,3.5963672e-05,1.6272407e-16,1.6272407e-16,1.6272407e-16,3.5963672e-05
45,6,2.0577400e+02,0.0000000e+00,1.8015092e+02,0.0000000e+00,24,0.0000000e+00,0.0000000e+00,0.0000000e+00,0.0000000e+00,0.0000000e+00,0.0000000e+00,0.0000000e+00,0.0000000e+00,0.0000000e+00
46,1,8.5992800e+01,1.8884867e+00,1.2565901e+03,2.3730536e+03,24,1.1219202e-04,3.1018167e-21,3.4895438e-21,3.1018167e-21,1.1219202e-04,-3.1018167e-21,3.4895438e-21,-3.1018167e-21,1.1219202e-04
46,2,1.1185300e+02,1.8098329e+00,7.8390280e+02,1.4187331e+03,24,4.1436290e-05,0.0000000e+00,0.0000000e+00,0.0000000e+00,4.1436290e-05,1.8398307e-22,0.0000000e+00,1.8398307e-22,4.1436290e-05
46,3,1.3697400e+02,3.5956381e+00,2.5042668e+03,9.0044373e+03,24,8.3019999e-04,2.8895682e-20,-1.7337409e-20,2.8895682e-20,8.3019999e-04,-4.3343522e-20,-1.7337409e-20,-4.3343522e-20,8.3019999e-04
46,4,1.6694600e+02,1.1133378e+00,1.4145593e+03,1.5748823e+03,24,8.0611880e-05,-5.2761776e-21,3.2976110e-22,-5.2761776e-21,8.0611880e-05,5.9356997e-21,3.2976110e-22,5.9356997e-21,8.0611880e-05
46,5,1.8558900e+02,8.1789967e-01,1.2123545e+03,9.9158431e+02,24,4.2961785e-05,7.3072813e-18,7.3072465e-18,7.3072813e-18,4.2961785e-05,7.3074857e-18,7.3072465e-18,7.3074857e-18,4.2961785e-05
46,6,2.0496800e+02,0.0000000e+00,4.2357865e+02,0.0000000e+00,24,0.0000000e+00,0.0000000e+00,0.0000000e+00,0.0000000e+00,0.0000000e+00,0.0000000e+00,0.0000000e+00,0.0000000e+00,0.0000000e+00
47,1,9.4906400e+01,1.7861846e+00,1.6700125e+03,2.9829506e+03,24,1.8684803e-04,0.0000000e+00,6.3522167e-21,0.0000000e+00,1.8684803e-04,-3.1761083e-21,6.3522167e-21,-3.1761083e-21,1.8684803e-04
47,2,1.0466300e+02,2.1828254e+00,1.1758879e+03,2.5667581e+03,24,1.1278697e-04,2.0394573e-17,2.0389676e-17,2.0394573e-17,1.1278697e-04,2.0394128e-17,2.0389676e-17,2.0394128e-17,1.1278697e-04
47,3,1.4779800e+02,1.5624567e+00,1.3418845e+03,2.0966363e+03,24,1.0297639e-04,2.4965993e-21,2.4965993e-21,2.4965993e-21,1.0297639e-04,-2.4965993e-21,2.4965993e-21,-2.4965993e-21,1.0297639e-04
47,4,1.5791800e+02,9.6687522e-01,1.6438039e+03,1.5893533e+03,24,9.5064266e-05,7.6794246e-22,1.4158939e-21,7.6794246e-22,9.5064266e-05,-2.1118418e-21,1.4158939e-21,-2.1118418e-21,9.5064266e-05
47,5,1.9076000e+02,1.1656272e+00,1.5331788e+03,1.7871148e+03,24,9.7559573e-05,1.0375599e-17,1.0375755e-17,1.0375599e-17,9.7559573e-05,1.0375868e-17,1.0375755e-17,1.0375868e-17,9.7559573e-05
47,6,2.0154200e+02,0.0000000e+00,9.9486264e+02,0.0000000e+00,24,0.0000000e+00,0.0000000e+00,0.0000000e+00,0.0000000e+00,0.0000000e+00,0.0000000e+00,0.0000000e+00,0.0000000e+00,0.0000000e+00
48,1,9.6554700e+01,2.9671475e+00,1.3704833e+03,4.0664259e+03,12,2.0890438e-04,8.0753220e-17,-1.0768795e-16,8.0753220e-17,2.0890438e-04,3.4998074e-16,-1.0768795e-16,3.4998074e-16,2.0890438e-04
48,2,1.0500300e+02,1.9014664e+00,1.5112852e+03,2.8736580e+03,12,1.6226710e-04,-1.8962887e-17,3.6030059e-16,-1.8962887e-17,1.6226710e-04,1.8963920e-16,3.6030059e-16,1.8963920e-16,1.6226710e-04
48,3,1.4854900e+02,8.7624381e-01,1.3319431e+03,1.1671069e+03,12,5.6873772e-05,3.0165461e-17,-9.0493359e-17,3.0165461e-17,5.6873772e-05,-1.2066345e-16,-9.0493359e-17,-1.2066345e-16,5.6873772e-05
48,4,1.4995900e+02,1.1681666e+00,1.9269650e+02,2.2510161e+02,12,1.5856989e-06,8.7200624e-18,-2.0346866e-17,8.7200624e-18,1.5856989e-06,-2.3253684e-17,-2.0346866e-17,-2.3253684e-17,1.5856989e-06
48,5,1.9149100e+02,1.4300841e+00,8.1662489e+02,1.1678423e+03,12,3.3939234e-05,-1.1744308e-16,-7.3402433e-17,-1.1744308e-16,3.3939234e-05,-7.3402195e-17,-7.3402433e-17,-7.3402195e-17,3.3939234e-05
48,6,2.0313000e+02,0.0000000e+00,1.0613107e+03,0.0000000e+00,12,0.0000000e+00,0.0000000e+00,0.0000000e+00,0.0000000e+00,0.0000000e+00,0.0000000e+00,0.0000000e+00,0.0000000e+00,0.0000000e+00
49,1,6.9900500e+01,5.9865635e+00,7.3770500e+02,4.4163179e+03,6,1.2316498e-04,-3.7530863e-16,-4.1701172e-16,-3.7530863e-16,1.2316498e-04,-1.6679918e-16,-4.1701172e-16,-1.6679918e-16,1.2316498e-04
49,2,6.9900500e+01,6.5996576e+00,7.3770600e+02,4.8686070e+03,6,1.3577888e-04,-2.7582518e-16,-5.0568250e-16,-2.7582518e-16,1.3577888e-04,-1.0113714e-15,-5.0568250e-16,-1.0113714e-15,1.3577888e-04
49,3,1.3670200e+02,2.6127712e+00,9.4171300e+02,2.4604806e+03,6,8.5318965e-05,4.0732109e-16,-2.7154875e-16,4.0732109e-16,8.5318965e-05,-1.8103144e-16,-2.7154875e-16,-1.8103144e-16,8.5318965e-05
49,4,1.8137900e+02,2.1413311e+00,3.4151200e+02,7.3129026e+02,6,8.9513504e-06,1.3093583e-17,3.9280107e-17,1.3093583e-17,8.9513504e-06,2.6187087e-17,3.9280107e-17,2.6187087e-17,8.9513504e-06
49,5,1.8137900e+02,2.5935684e+00,3.4151200e+02,8.8573474e+02,6,1.0841826e-05,5.8731031e-22,6.3434202e-17,5.8731031e-22,1.0841826e-05,-3.1717069e-17,6.3434202e-17,-3.1717069e-17,1.0841826e-05
49,6,2.0292100e+02,0.0000000e+00,2.6486600e+02,0.0000000e+00,6,0.0000000e+00,0.0000000e+00,0.0000000e+00,0.0000000e+00,0.0000000e+00,0.0000000e+00,0.0000000e+00,0.0000000e+00,0.0000000e+00
50,1,7.3226100e+01,4.1720616e+00,5.4707805e+02,2.2824434e+03,24,4.7162634e-05,6.4492936e-22,-4.2995291e-22,6.4492936e-22,4.7162634e-05,-2.1497645e-22,-4.2995291e-22,-2.1497645e-22,4.7162634e-05
50,2,7.8908000e+01,4.8955520e+00,2.0407293e+03,9.9904964e+03,24,7.6878207e-04,-1.6117729e-20,0.0000000e+00,-1.6117729e-20,7.6878207e-04,0.0000000e+00,0.0000000e+00,0.0000000e+00,7.6878207e-04
50,3,1.3106800e+02,3.1369093e+00,1.4172625e+03,4.4458239e+03,24,2.3267885e-04,4.7409894e-22,6.3213192e-22,4.7409894e-22,2.3267885e-04,-3.1606596e-22,6.3213192e-22,-3.1606596e-22,2.3267885e-04
50,4,1.8173400e+02,1.8061737e+00,4.1298998e+02,7.4593163e+02,24,1.1038889e-05,1.9416339e-16,1.9416330e-16,1.9416339e-16,1.1038889e-05,1.9416347e-16,1.9416330e-16,1.9416347e-16,1.1038889e-05
50,5,1.8276000e+02,1.6435208e+00,3.8070622e+02,6.2569859e+02,24,8.5297157e-06,1.5360141e-16,1.5360142e-16,1.5360141e-16,8.5297157e-06,1.5360142e-16,1.5360142e-16,1.5360142e-16,8.5297157e-06
50,6,2.0491600e+02,0.0000000e+00,4.9801593e+02,0.0000000e+00,24,0.0000000e+00,0.0000000e+00,0.0000000e+00,0.0000000e+00,0.0000000e+00,0.0000000e+00,0.0000000e+00,0.0000000e+00,0.0000000e+00
51,1,7.6606700e+01,2.9264801e+00,4.6792607e+02,1.3693763e+03,24,2.4178428e-05,0.0000000e+00,-1.5064857e-22,0.0000000e+00,2.4178428e-05,0.0000000e+00,-1.5064857e-22,0.0000000e+00,2.4178428e-05
51,2,9.6184900e+01,3.7811694e+00,2.9064879e+03,1.0989923e+04,24,1.1975213e-03,0.0000000e+00,-3.0942658e-20,0.0000000e+00,1.1975213e-03,1.5471329e-20,-3.0942658e-20,1.5471329e-20,1.1975213e-03
51,3,1.2377800e+02,2.8695919e+00,1.3351281e+03,3.8312727e+03,24,1.8956462e-04,2.1761766e-22,-1.1606275e-21,2.1761766e-22,1.8956462e-04,1.1606275e-21,-1.1606275e-21,1.1606275e-21,1.8956462e-04
51,4,1.7965100e+02,1.4384642e+00,7.0451363e+02,1.0134176e+03,24,2.5620264e-05,-2.8168014e-22,-4.2252021e-22,-2.8168014e-22,2.5620264e-05,3.5210018e-22,-4.2252021e-22,3.5210018e-22,2.5620264e-05
51,5,1.8508000e+02,1.0899898e+00,4.7281652e+02,5.1536519e+02,24,8.7113567e-06,-9.3031494e-23,-1.0632171e-22,-9.3031494e-23,8.7113567e-06,1.0632171e-22,-1.0632171e-22,1.0632171e-22,8.7113567e-06
51,6,2.0631300e+02,0.0000000e+00,3.2493893e+02,0.0000000e+00,24,0.0000000e+00,0.0000000e+00,0.0000000e+00,0.0000000e+00,0.0000000e+00,0.0000000e+00,0.0000000e+00,0.0000000e+00,0.0000000e+00
52,1,8.0455700e+01,2.2045581e+00,7.0060774e+02,1.5445305e+03,24,4.0784709e-05,1.3602546e-21,1.5869637e-21,1.3602546e-21,4.0784709e-05,-2.2104137e-21,1.5869637e-21,-2.2104137e-21,4.0784709e-05
52,2,1.1306500e+02,2.2355391e+00,8.8482380e+02,1.9780582e+03,24,6.5176043e-05,1.1654753e-15,1.1654735e-15,1.1654753e-15,6.5176043e-05,1.1654753e-15,1.1654735e-15,1.1654753e-15,6.5176043e-05
52,3,1.1973200e+02,4.5072669e+00,1.9478320e+03,8.7793987e+03,24,6.3492597e-04,7.5306807e-15,7.5306807e-15,7.5306807e-15,6.3492597e-04,7.5306807e-15,7.5306807e-15,7.5306807e-15,6.3492597e-04
52,4,1.7488000e+02,1.3403441e+00,1.0793521e+03,1.4467033e+03,24,5.6213380e-05,0.0000000e+00,3.9496271e-22,0.0000000e+00,5.6213380e-05,-1.9748136e-22,3.9496271e-22,-1.9748136e-22,5.6213380e-05
52,5,1.8840400e+02,7.6990773e-01,5.2842143e+02,4.0683574e+02,24,7.6675695e-06,6.8650570e-18,6.8650945e-18,6.8650570e-18,7.6675695e-06,6.8649072e-18,6.8650945e-18,6.8649072e-18,7.6675695e-06
52,6,2.0531700e+02,0.0000000e+00,3.6969597e+02,0.0000000e+00,24,0.0000000e+00,0.0000000e+00,0.0000000e+00,0.0000000e+00,0.0000000e+00,0.0000000e+00,0.0000000e+00,0.0000000e+00,0.0000000e+00
53,1,8.6173700e+01,1.9501674e+00,1.1912501e+03,2.3231371e+03,12,1.0411486e-04,4.6308047e-17,2.7013086e-16,4.6308047e-17,1.0411486e-04,-6.9461222e-17,2.7013086e-16,-6.9461222e-17,1.0411486e-04
53,2,1.0995500e+02,2.3265079e+00,8.6195327e+02,2.0053411e+03,12,6.4452348e-05,1.0564828e-16,-1.9425593e-21,1.0564828e-16,6.4452348e-05,-2.6411548e-17,-1.9425593e-21,-2.6411548e-17,6.4452348e-05
53,3,1.3553600e+02,2.6286240e+00,2.5096351e+03,6.5968872e+03,12,6.0998491e-04,-4.2956912e-17,-1.2876411e-16,-4.2956912e-17,6.0998491e-04,-5.1509108e-16,-1.2876411e-16,-5.1509108e-16,6.0998491e-04
53,4,1.6742400e+02,1.1782268e+00,1.4410836e+03,1.6979234e+03,12,8.8512664e-05,3.2543051e-17,-1.8441182e-16,3.2543051e-17,8.8512664e-05,2.1696635e-17,-1.8441182e-16,2.1696635e-17,8.8512664e-05
53,5,1.9271500e+02,8.1473518e-01,6.1393273e+02,5.0019260e+02,12,1.0918607e-05,9.4228360e-18,-1.8846399e-17,9.4228360e-18,1.0918607e-05,-2.1987339e-17,-1.8846399e-17,-2.1987339e-17,1.0918607e-05
53,6,2.0083400e+02,0.0000000e+00,7.0060281e+02,0.0000000e+00,12,0.0000000e+00,0.0000000e+00,0.0000000e+00,0.0000000e+00,0.0000000e+00,0.0000000e+00,0.0000000e+00,0.0000000e+00,0.0000000e+00
54,1,7.4556600e+01,5.3402028e+00,3.6070100e+02,1.9262165e+03,6,2.6232390e-05,1.4531864e-16,-1.8164989e-17,1.4531864e-16,2.6232390e-05,5.0314137e-28,-1.8164989e-17,5.0314137e-28,2.6232390e-05
54,2,7.4556600e+01,4.7166272e+00,3.6070100e+02,1.7012921e+03,6,2.3169233e-05,6.4174165e-17,1.4439364e-16,6.4174165e-17,2.3169233e-05,-8.0218027e-17,1.4439364e-16,-8.0218027e-17,2.3169233e-05
54,3,1.2579600e+02,3.0365959e+00,1.2424300e+03,3.7727578e+03,6,1.7354232e-04,-2.0932897e-16,1.3954776e-16,-2.0932897e-16,1.7354232e-04,-6.9776324e-17,1.3954776e-16,-6.9776324e-17,1.7354232e-04
54,4,1.8366900e+02,1.8010814e+00,1.8827900e+02,3.3910581e+02,6,2.2847714e-06,-2.4247618e-17,-4.8495290e-17,-2.4247618e-17,2.2847714e-06,-3.6371296e-17,-4.8495290e-17,-3.6371296e-17,2.2847714e-06
54,5,1.8366900e+02,1.6191380e+00,1.8827900e+02,3.0484968e+02,6,2.0539662e-06,-1.0899235e-17,5.7833450e-29,-1.0899235e-17,2.0539662e-06,-1.6348738e-17,5.7833450e-29,-1.6348738e-17,2.0539662e-06
54,6,2.0744000e+02,0.0000000e+00,5.5308600e+02,0.0000000e+00,6,0.0000000e+00,0.0000000e+00,0.0000000e+00,0.0000000e+00,0.0000000e+00,0.0000000e+00,0.0000000e+00,0.0000000e+00,0.0000000e+00
55,1,7.6080200e+01,4.2531884e+00,2.1174691e+02,9.0059951e+02,24,7.1968685e-06,-1.9160590e-22,-1.0948909e-22,-1.9160590e-22,7.1968685e-06,5.4744544e-23,-1.0948909e-22,5.4744544e-23,7.1968685e-06
55,2,8.2121600e+01,4.5680292e+00,2.0202095e+03,9.2283760e+03,24,7.0230016e-04,-3.0049092e-20,-4.3195569e-20,-3.0049092e-20,7.0230016e-04,6.6671422e-20,-4.3195569e-20,6.6671422e-20,7.0230016e-04
55,3,1.2092300e+02,2.7188113e+00,7.4952124e+02,2.0378068e+03,24,5.6678259e-05,-4.1291561e-22,-5.5055415e-22,-4.1291561e-22,5.6678259e-05,-2.7527708e-22,-5.5055415e-22,-2.7527708e-22,5.6678259e-05
55,4,1.8327900e+02,1.5096004e+00,3.4745017e+02,5.2451093e+02,24,6.5233449e-06,-1.4743707e-22,-1.4743707e-22,-1.4743707e-22,6.5233449e-06,2.0272598e-22,-1.4743707e-22,2.0272598e-22,6.5233449e-06
55,5,1.8488700e+02,1.3946284e+00,2.3028576e+02,3.2116307e+02,24,2.6444139e-06,-1.0204176e-22,-3.4013921e-23,-1.0204176e-22,2.6444139e-06,3.4013921e-23,-3.4013921e-23,3.4013921e-23,2.6444139e-06
55,6,2.0880000e+02,0.0000000e+00,3.3253154e+02,0.0000000e+00,24,0.0000000e+00,0.0000000e+00,0.0000000e+00,0.0000000e+00,0.0000000e+00,0.0000000e+00,0.0000000e+00,0.0000000e+00,0.0000000e+00
56,1,7.7705800e+01,2.8558526e+00,3.2101658e+02,9.1677603e+02,12,1.1101403e-05,4.7028906e-16,5.6190333e-16,4.7028906e-16,1.1101403e-05,5.4358122e-16,5.6190333e-16,5.4358122e-16,1.1101403e-05
56,2,9.8288200e+01,4.1637209e+00,3.0356520e+03,1.2639608e+04,12,1.4373628e-03,3.7763303e-07,3.7763303e-07,3.7763303e-07,1.4373628e-03,3.7763303e-07,3.7763303e-07,3.7763303e-07,1.4373628e-03
56,3,1.1756200e+02,2.7183082e+00,3.9721608e+02,1.0797557e+03,12,1.5939897e-05,3.2701787e-08,3.2701787e-08,3.2701787e-08,1.5939897e-05,3.2701787e-08,3.2701787e-08,3.2701787e-08,1.5939897e-05
56,4,1.8039200e+02,1.3842895e+00,6.9709273e+02,9.6497816e+02,12,2.4126505e-05,-3.7843221e-14,-3.7800411e-14,-3.7843221e-14,2.4126505e-05,-3.7831002e-14,-3.7800411e-14,-3.7831002e-14,2.4126505e-05
56,5,1.8691700e+02,1.0013484e+00,3.6146593e+02,3.6195335e+02,12,4.6712875e-06,9.2797595e-09,9.2797595e-09,9.2797595e-09,4.6712875e-06,9.2797595e-09,9.2797595e-09,9.2797595e-09,4.6712875e-06
56,6,2.0773700e+02,0.0000000e+00,3.5364055e+02,0.0000000e+00,12,0.0000000e+00,0.0000000e+00,0.0000000e+00,0.0000000e+00,0.0000000e+00,0.0000000e+00,0.0000000e+00,0.0000000e+00,0.0000000e+00
57,1,7.6084200e+01,5.1020802e+00,5.3915395e-09,2.7508067e-08,3,5.8618974e-27,6.1021430e-27,3.9880177e-27,6.1021430e-27,8.3123720e-27,5.3814181e-27,3.9880177e-27,5.3814181e-27,5.0450782e-27
57,2,7.6084200e+01,5.8472924e+00,3.9686412e-09,2.3205805e-08,3,4.5154268e-27,3.6343695e-27,4.4053021e-28,3.6343695e-27,5.8921071e-27,1.6519855e-28,4.4053021e-28,1.6519855e-28,5.5066331e-29
57,3,1.1995000e+02,2.5274717e+00,2.6354240e-09,6.6609596e-09,3,1.1238990e-27,1.8731632e-28,-1.8731632e-28,1.8731632e-28,4.6829144e-28,-4.6829144e-28,-1.8731632e-28,-4.6829144e-28,4.6829144e-28
57,4,1.8448200e+02,1.4965564e+00,3.4557812e-09,5.1717715e-09,3,3.2055347e-28,4.2740477e-28,-1.0685119e-28,4.2740477e-28,1.6027691e-27,1.0685119e-28,-1.0685119e-28,1.0685119e-28,2.1370217e-28
57,5,1.8448200e+02,1.3065348e+00,3.5817332e-09,4.6796591e-09,3,4.1977779e-28,4.1977807e-28,1.8656786e-28,4.1977807e-28,1.2126935e-27,3.2649432e-28,1.8656786e-28,3.2649432e-28,4.1977779e-28
57,6,2.1002000e+02,0.0000000e+00,3.8832159e-09,0.0000000e+00,3,0.0000000e+00,0.0000000e+00,0.0000000e+00,0.0000000e+00,0.0000000e+00,0.0000000e+00,0.0000000e+00,0.0000000e+00,0.0000000e+00
58,1,4.1315000e+01,3.0141022e+01,2.0714048e+03,6.2434258e+04,24,4.9189818e-03,1.5155532e-14,2.3723295e-14,1.5155532e-14,4.9189818e-03,1.9576372e-14,2.3723295e-14,1.9576372e-14,4.9189818e-03
58,2,4.9960600e+01,1.7183816e+00,2.9999448e+03,5.1550499e+03,24,5.8732304e-04,6.6751620e-16,7.9828941e-16,6.6751620e-16,5.8732304e-04,7.8611221e-16,7.9828941e-16,7.8611221e-16,5.8732304e-04
58,3,8.5691200e+01,1.4653723e+00,4.0547778e+03,5.9417590e+03,24,9.0653769e-04,3.4361427e-16,1.0170088e-15,3.4361427e-16,9.0653769e-04,1.9618784e-16,1.0170088e-15,1.9618784e-16,9.0653769e-04
58,4,1.7158300e+02,1.6804423e+00,2.6067883e+01,4.3805573e+01,24,4.1197640e-08,1.8598478e-18,6.2730087e-19,1.8598478e-18,4.1197640e-08,4.1656240e-19,6.2730087e-19,4.1656240e-19,4.1197640e-08
58,5,1.7192000e+02,2.3841411e+00,4.0092947e+02,9.5587242e+02,24,1.3823239e-05,-3.7203621e-17,-1.3023727e-17,-3.7203621e-17,1.3823239e-05,6.8140742e-18,-1.3023727e-17,6.8140742e-18,1.3823239e-05
58,6,2.3676100e+02,0.0000000e+00,1.6822477e+03,0.0000000e+00,24,0.0000000e+00,0.0000000e+00,0.0000000e+00,0.0000000e+00,0.0000000e+00,0.0000000e+00,0.0000000e+00,0.0000000e+00,0.0000000e+00
59,1,5.5123400e+01,4.7612977e+00,2.0376406e+03,9.7018134e+03,48,7.4999829e-04,7.8858136e-21,-5.9143602e-21,7.8858136e-21,7.4999829e-04,-1.7743081e-20,-5.9143602e-21,-1.7743081e-20,7.4999829e-04
59,2,6.8401800e+01,1.1797853e+00,2.9278649e+03,3.4542519e+03,48,3.8249121e-04,-7.7914949e-21,-7.5480107e-21,-7.7914949e-21,3.8249121e-04,5.8436212e-21,-7.5480107e-21,5.8436212e-21,3.8249121e-04
59,3,1.0699400e+02,1.9384839e+00,3.4610396e+03,6.7091695e+03,48,8.6691085e-04,0.0000000e+00,4.7390793e-21,0.0000000e+00,8.6691085e-04,-1.7771548e-20,4.7390793e-21,-1.7771548e-20,8.6691085e-04
59,4,1.6960100e+02,1.2808728e+00,7.1838956e+02,9.2016567e+02,48,2.3879211e-05,2.5249418e-22,-2.3671329e-22,2.5249418e-22,2.3879211e-05,7.8904431e-23,-2.3671329e-22,7.8904431e-23,2.3879211e-05
59,5,1.7408700e+02,1.9909210e+00,4.9283507e+02,9.8119570e+02,48,1.7417349e-05,4.8914799e-22,-4.4023319e-22,4.8914799e-22,1.7417349e-05,1.4674440e-22,-4.4023319e-22,1.4674440e-22,1.7417349e-05
59,6,2.2727000e+02,0.0000000e+00,1.4915494e+03,0.0000000e+00,48,0.0000000e+00,0.0000000e+00,0.0000000e+00,0.0000000e+00,0.0000000e+00,0.0000000e+00,0.0000000e+00,0.0000000e+00,0.0000000e+00
60,1,6.9412700e+01,2.2431709e+00,1.9150021e+03,4.2956770e+03,48,3.1102946e-04,-5.5538698e-21,-1.8512899e-21,-5.5538698e-21,3.1102946e-04,1.8512899e-21,-1.8512899e-21,1.8512899e-21,3.1102946e-04
60,2,8.7139700e+01,1.2955568e+00,2.6259719e+03,3.4020957e+03,48,3.3599482e-04,1.2762774e-20,-1.0635645e-21,1.2762774e-20,3.3599482e-04,5.3178225e-21,-1.0635645e-21,5.3178225e-21,3.3599482e-04
60,3,1.2756900e+02,2.4704130e+00,2.8295887e+03,6.9902527e+03,48,7.3167644e-04,1.1968373e-20,5.9841864e-21,1.1968373e-20,7.3167644e-04,-1.0971008e-20,5.9841864e-21,-1.0971008e-20,7.3167644e-04
60,4,1.6314900e+02,1.3372147e+00,1.4157797e+03,1.8932014e+03,48,9.7219838e-05,2.6467624e-22,3.3084529e-23,2.6467624e-22,9.7219838e-05,6.6169059e-23,3.3084529e-23,6.6169059e-23,9.7219838e-05
60,5,1.7398700e+02,1.4237334e+00,9.4179807e+02,1.3408693e+03,48,4.5488091e-05,2.7985530e-22,1.2593489e-21,2.7985530e-22,4.5488091e-05,-9.7949355e-22,1.2593489e-21,-9.7949355e-22,4.5488091e-05
60,6,2.2031900e+02,0.0000000e+00,1.0959851e+03,0.0000000e+00,48,0.0000000e+00,0.0000000e+00,0.0000000e+00,0.0000000e+00,0.0000000e+00,0.0000000e+00,0.0000000e+00,0.0000000e+00,0.0000000e+00
61,1,8.2756800e+01,1.6114049e+00,1.8333700e+03,2.9543014e+03,48,2.0399478e-04,0.0000000e+00,3.6430313e-21,0.0000000e+00,2.0399478e-04,-7.2860626e-21,3.6430313e-21,-7.2860626e-21,2.0399478e-04
61,2,1.0324200e+02,1.5018678e+00,1.9505337e+03,2.9294438e+03,48,2.1364444e-04,-7.3544016e-21,2.7579006e-21,-7.3544016e-21,2.1364444e-04,2.1450338e-21,2.7579006e-21,2.1450338e-21,2.1364444e-04
61,3,1.4505900e+02,2.1611066e+00,1.7423150e+03,3.7653285e+03,48,2.4048683e-04,4.3230410e-21,-4.3230410e-22,4.3230410e-21,2.4048683e-04,0.0000000e+00,-4.3230410e-22,0.0000000e+00,2.4048683e-04
61,4,1.5506400e+02,1.3324558e+00,1.2983201e+03,1.7299541e+03,48,8.1865307e-05,8.2198774e-16,8.2198800e-16,8.2198774e-16,8.1865307e-05,8.2198756e-16,8.2198800e-16,8.2198756e-16,8.1865307e-05
61,5,1.7015600e+02,1.1656545e+00,1.5626649e+03,1.8215275e+03,48,1.0278749e-04,-3.1583675e-22,-3.4454918e-22,-3.1583675e-22,1.0278749e-04,2.8712432e-22,-3.4454918e-22,2.8712432e-22,1.0278749e-04
61,6,2.1632600e+02,0.0000000e+00,8.2479571e+02,0.0000000e+00,48,0.0000000e+00,0.0000000e+00,0.0000000e+00,0.0000000e+00,0.0000000e+00,0.0000000e+00,0.0000000e+00,0.0000000e+00,0.0000000e+00
62,1,9.5116200e+01,1.4117646e+00,1.7922634e+03,2.5302540e+03,48,1.7008093e-04,-5.2008685e-21,1.4446857e-22,-5.2008685e-21,1.7008093e-04,0.0000000e+00,1.4446857e-22,0.0000000e+00,1.7008093e-04
62,2,1.1118200e+02,1.7758860e+00,3.5981559e+02,6.3899147e+02,48,8.5687405e-06,1.6546068e-17,1.6546091e-17,1.6546068e-17,8.5687405e-06,1.6546114e-17,1.6546091e-17,1.6546114e-17,8.5687405e-06
62,3,1.4663500e+02,1.0875550e+00,5.9643766e+02,6.4865874e+02,48,1.4169792e-05,2.9874096e-17,2.9874232e-17,2.9874096e-17,1.4169792e-05,2.9873824e-17,2.9874232e-17,2.9873824e-17,1.4169792e-05
62,4,1.6003100e+02,1.2507545e+00,3.0119458e+02,3.7672048e+02,48,4.1234366e-06,7.0793458e-16,7.0793457e-16,7.0793458e-16,4.1234366e-06,7.0793427e-16,7.0793457e-16,7.0793427e-16,4.1234366e-06
62,5,1.6563800e+02,8.8285108e-01,9.8554150e+02,8.7008638e+02,48,3.1054563e-05,3.8366958e-16,3.8367011e-16,3.8366958e-16,3.1054563e-05,3.8366941e-16,3.8367011e-16,3.8366941e-16,3.1054563e-05
62,6,2.1330600e+02,0.0000000e+00,6.1184650e+02,0.0000000e+00,48,0.0000000e+00,0.0000000e+00,0.0000000e+00,0.0000000e+00,0.0000000e+00,0.0000000e+00,0.0000000e+00,0.0000000e+00,0.0000000e+00
63,1,1.0521600e+02,2.0581076e+00,5.7573398e+02,1.1849225e+03,24,2.5487289e-05,-6.3115436e-09,-3.7864660e-08,-6.3115436e-09,2.5487289e-05,-1.8932659e-08,-3.7864660e-08,-1.8932659e-08,2.5487289e-05
63,2,1.0700200e+02,1.3990152e+00,4.2162729e+02,5.8986300e+02,24,9.2849085e-06,-1.2508949e-08,-7.5077748e-08,-1.2508949e-08,9.2849163e-06,-3.7535781e-08,-7.5077748e-08,-3.7535781e-08,9.2848968e-06
63,3,1.4961100e+02,1.0438952e+00,7.7357089e+02,8.0752690e+02,24,2.2840808e-05,3.6174038e-09,2.1702742e-08,3.6174038e-09,2.2840808e-05,1.0851491e-08,2.1702742e-08,1.0851491e-08,2.2840808e-05
63,4,1.5522000e+02,1.4305558e+00,1.0540337e+03,1.5078540e+03,24,5.7923843e-05,1.6290599e-07,9.7744953e-07,1.6290599e-07,5.7923843e-05,4.8872379e-07,9.7744953e-07,4.8872379e-07,5.7923843e-05
63,5,1.6974100e+02,7.2069919e-01,3.5813927e+02,2.5811068e+02,24,3.3389717e-06,2.6074741e-08,1.5644845e-07,2.6074741e-08,3.3389717e-06,7.8224223e-08,1.5644845e-07,7.8224223e-08,3.3389717e-06
63,6,2.1163000e+02,0.0000000e+00,3.3215883e+02,0.0000000e+00,24,0.0000000e+00,0.0000000e+00,0.0000000e+00,0.0000000e+00,0.0000000e+00,0.0000000e+00,0.0000000e+00,0.0000000e+00,0.0000000e+00
64,1,5.5055900e+01,1.5786318e+01,1.7696984e+03,2.7937022e+04,24,1.8757084e-03,2.6068824e-15,2.2769751e-15,2.6068824e-15,1.8757084e-03,-1.1368620e-15,2.2769751e-15,-1.1368620e-15,1.8757084e-03
64,2,6.2019500e+01,2.5878916e+00,2.6890103e+03,6.9588672e+03,24,7.0882529e-04,-1.9398570e-16,2.4906034e-16,-1.9398570e-16,7.0882529e-04,-1.5343385e-16,2.4906034e-16,-1.5343385e-16,7.0882529e-04
64,3,1.1630600e+02,1.6819019e+00,3.1769157e+03,5.3432607e+03,24,6.3123121e-04,1.0443868e-16,1.0710758e-16,1.0443868e-16,6.3123121e-04,-2.3169759e-17,1.0710758e-16,-2.3169759e-17,6.3123121e-04
64,4,1.7192800e+02,1.6181776e+00,6.1774742e+02,9.9962504e+02,24,2.2273462e-05,2.7386708e-17,-3.7736522e-18,2.7386708e-17,2.2273462e-05,1.5774395e-17,-3.7736522e-18,1.5774395e-17,2.2273462e-05
64,5,1.7530900e+02,2.1939138e+00,4.8994988e+02,1.0749078e+03,24,1.8953802e-05,-5.3958306e-17,-4.1138323e-17,-5.3958306e-17,1.8953802e-05,-1.7405137e-17,-4.1138323e-17,-1.7405137e-17,1.8953802e-05
64,6,2.2223500e+02,0.0000000e+00,1.8372573e+03,0.0000000e+00,24,0.0000000e+00,0.0000000e+00,0.0000000e+00,0.0000000e+00,0.0000000e+00,0.0000000e+00,0.0000000e+00,0.0000000e+00,0.0000000e+00
65,1,6.5930900e+01,3.8269162e+00,1.6749997e+03,6.4100837e+03,48,4.0632233e-04,0.0000000e+00,7.9030116e-21,0.0000000e+00,4.0632233e-04,-3.1612046e-21,7.9030116e-21,-3.1612046e-21,4.0632233e-04
65,2,7.9942400e+01,1.8614017e+00,2.8720051e+03,5.3459550e+03,48,5.7876842e-04,3.0632034e-21,-5.3606060e-21,3.0632034e-21,5.7876842e-04,7.6580086e-21,-5.3606060e-21,7.6580086e-21,5.7876842e-04
65,3,1.3051900e+02,1.9145644e+00,2.1929579e+03,4.1985591e+03,48,3.4009769e-04,0.0000000e+00,5.0169280e-21,0.0000000e+00,3.4009769e-04,-3.3767785e-21,5.0169280e-21,-3.3767785e-21,3.4009769e-04
65,4,1.6791700e+02,1.3679850e+00,1.2790791e+03,1.7497610e+03,48,8.0935326e-05,3.3744638e-23,-4.6003432e-23,3.3744638e-23,8.0935326e-05,9.2797753e-23,-4.6003432e-23,9.2797753e-23,8.0935326e-05
65,5,1.7728500e+02,1.8794367e+00,7.2335846e+02,1.3595065e+03,48,3.5345582e-05,1.1058614e-21,-5.5293070e-22,1.1058614e-21,3.5345582e-05,5.5293070e-22,-5.5293070e-22,5.5293070e-22,3.5345582e-05
65,6,2.1495400e+02,0.0000000e+00,1.4076101e+03,0.0000000e+00,48,0.0000000e+00,0.0000000e+00,0.0000000e+00,0.0000000e+00,0.0000000e+00,0.0000000e+00,0.0000000e+00,0.0000000e+00,0.0000000e+00
66,1,7.6497200e+01,2.1282896e+00,1.5780346e+03,3.3585146e+03,48,1.9998881e-04,3.5060173e-21,2.1912608e-22,3.5060173e-21,1.9998881e-04,-7.0120347e-21,2.1912608e-22,-7.0120347e-21,1.9998881e-04
66,2,9.9164100e+01,1.4799839e+00,2.4803708e+03,3.6709088e+03,48,3.4097896e-04,-2.4195565e-20,-4.2342238e-21,-2.4195565e-20,3.4097896e-04,-9.6782259e-21,-4.2342238e-21,-9.6782259e-21,3.4097896e-04
66,3,1.4004800e+02,2.1883170e+00,7.8791287e+02,1.7242032e+03,48,4.9935393e-05,-1.9752225e-21,-3.5115067e-21,-1.9752225e-21,4.9935393e-05,8.7787666e-22,-3.5115067e-21,8.7787666e-22,4.9935393e-05
66,4,1.6270800e+02,1.1746688e+00,1.5281684e+03,1.7950917e+03,48,9.9526483e-05,0.0000000e+00,1.9404791e-21,0.0000000e+00,9.9526483e-05,5.9595237e-22,1.9404791e-21,5.9595237e-22,9.9526483e-05
66,5,1.7636300e+02,1.3039130e+00,1.2903396e+03,1.6824905e+03,48,7.8077369e-05,5.1179798e-22,2.8148889e-21,5.1179798e-22,7.8077369e-05,-2.3030909e-21,2.8148889e-21,-2.3030909e-21,7.8077369e-05
66,6,2.1145600e+02,0.0000000e+00,9.8599843e+02,0.0000000e+00,48,0.0000000e+00,0.0000000e+00,0.0000000e+00,0.0000000e+00,0.0000000e+00,0.0000000e+00,0.0000000e+00,0.0000000e+00,0.0000000e+00
67,1,8.6589000e+01,1.8952329e+00,1.6191256e+03,3.0686201e+03,48,1.8689558e-04,7.0026417e-21,4.1821333e-21,7.0026417e-21,1.8689558e-04,-3.1122852e-21,4.1821333e-21,-3.1122852e-21,1.8689558e-04
67,2,1.1179600e+02,1.6111935e+00,7.0740572e+02,1.1397675e+03,48,3.0040929e-05,-8.1896937e-22,1.1465571e-21,-8.1896937e-22,3.0040929e-05,-1.0646602e-21,1.1465571e-21,-1.0646602e-21,3.0040929e-05
67,3,1.4330100e+02,2.2088003e+00,1.2247311e+03,2.7051864e+03,48,1.2156773e-04,2.0260426e-17,2.0261753e-17,2.0260426e-17,1.2156773e-04,2.0262638e-17,2.0261753e-17,2.0262638e-17,1.2156773e-04
67,4,1.6229400e+02,9.2496102e-01,1.0766050e+03,9.9581769e+02,48,3.8907018e-05,2.3496976e-17,2.3496483e-17,2.3496976e-17,3.8907018e-05,2.3496317e-17,2.3496483e-17,2.3496317e-17,3.8907018e-05
67,5,1.7326000e+02,9.8827568e-01,1.6306221e+03,1.6115041e+03,48,9.4699119e-05,-1.8463513e-21,3.8870554e-22,-1.8463513e-21,9.4699119e-05,-1.2632930e-21,3.8870554e-22,-1.2632930e-21,9.4699119e-05
67,6,2.1006500e+02,0.0000000e+00,7.0011218e+02,0.0000000e+00,48,0.0000000e+00,0.0000000e+00,0.0000000e+00,0.0000000e+00,0.0000000e+00,0.0000000e+00,0.0000000e+00,0.0000000e+00,0.0000000e+00
68,1,9.6749200e+01,1.5144085e+00,1.7206605e+03,2.6057829e+03,48,1.6805954e-04,-2.7103931e-21,-5.2271866e-21,-2.7103931e-21,1.6805954e-04,-4.3366289e-21,-5.2271866e-21,-4.3366289e-21,1.6805954e-04
68,2,1.0914000e+02,1.4058528e+00,1.2363876e+03,1.7381790e+03,48,8.0161140e-05,-2.2892645e-21,-8.5847420e-22,-2.2892645e-21,8.0161140e-05,1.7169484e-21,-8.5847420e-22,1.7169484e-21,8.0161140e-05
68,3,1.5172600e+02,1.9854228e+00,1.5463734e+03,3.0702050e+03,48,1.7338445e-04,1.2507402e-15,1.2507462e-15,1.2507402e-15,1.7338445e-04,1.2507476e-15,1.2507462e-15,1.2507476e-15,1.7338445e-04
68,4,1.5792100e+02,1.1727499e+00,1.2037991e+03,1.4117553e+03,48,6.1838577e-05,2.8803916e-16,2.8804044e-16,2.8803916e-16,6.1838577e-05,2.8804195e-16,2.8804044e-16,2.8804195e-16,6.1838577e-05
68,5,1.7316300e+02,8.3341357e-01,1.3881212e+03,1.1568790e+03,48,5.7876759e-05,1.0449152e-21,-3.2781653e-22,1.0449152e-21,5.7876759e-05,9.3222827e-22,-3.2781653e-22,9.3222827e-22,5.7876759e-05
68,6,2.0908800e+02,0.0000000e+00,5.1523170e+02,0.0000000e+00,48,0.0000000e+00,0.0000000e+00,0.0000000e+00,0.0000000e+00,0.0000000e+00,0.0000000e+00,0.0000000e+00,0.0000000e+00,0.0000000e+00
69,1,9.9247300e+01,1.5777667e+00,1.5459877e+03,2.4392079e+03,48,1.4121426e-04,-1.9345018e-21,2.5793357e-21,-1.9345018e-21,1.4121426e-04,-3.2241696e-22,2.5793357e-21,-3.2241696e-22,1.4121426e-04
69,2,1.0674400e+02,1.5933909e+00,1.3967957e+03,2.2256415e+03,48,1.1607307e-04,7.4349207e-18,7.4340178e-18,7.4349207e-18,1.1607307e-04,7.4423065e-18,7.4340178e-18,7.4423065e-18,1.1607307e-04
69,3,1.4863900e+02,1.1825057e+00,1.2691504e+03,1.5007776e+03,48,6.9682393e-05,-4.7214818e-22,-9.4429636e-22,-4.7214818e-22,6.9682393e-05,0.0000000e+00,-9.4429636e-22,0.0000000e+00,6.9682393e-05
69,4,1.5854900e+02,1.0993643e+00,5.2853503e+02,5.8105252e+02,48,1.1170467e-05,0.0000000e+00,-2.1821029e-22,0.0000000e+00,1.1170467e-05,8.1828857e-23,-2.1821029e-22,8.1828857e-23,1.1170467e-05
69,5,1.7482600e+02,1.0419424e+00,1.7345563e+03,1.8073078e+03,48,1.1285821e-04,-2.0469525e-21,1.2281715e-21,-2.0469525e-21,1.1285821e-04,-9.7230246e-22,1.2281715e-21,-9.7230246e-22,1.1285821e-04
69,6,2.0922500e+02,0.0000000e+00,6.4037006e+02,0.0000000e+00,48,0.0000000e+00,0.0000000e+00,0.0000000e+00,0.0000000e+00,0.0000000e+00,0.0000000e+00,0.0000000e+00,0.0000000e+00,0.0000000e+00
70,1,8.8627400e+01,2.3654944e+00,1.6248294e+03,3.8435249e+03,48,2.3475584e-04,9.7047038e-21,1.0917792e-20,9.7047038e-21,2.3475584e-04,-9.7047038e-21,1.0917792e-20,-9.7047038e-21,2.3475584e-04
70,2,1.0973200e+02,1.7371168e+00,5.5817838e+02,9.6962106e+02,48,2.0182846e-05,1.6194570e-17,1.6194703e-17,1.6194570e-17,2.0182846e-05,1.6194570e-17,1.6194703e-17,1.6194570e-17,2.0182846e-05
70,3,1.4269800e+02,1.3339184e+00,8.1854033e+02,1.0918660e+03,48,3.2804414e-05,6.1201798e-17,6.1201932e-17,6.1201798e-17,3.2804414e-05,6.1202332e-17,6.1201932e-17,6.1202332e-17,3.2804414e-05
70,4,1.5462700e+02,1.0674998e+00,1.3276323e+03,1.4172473e+03,48,6.8599128e-05,3.1135118e-16,3.1135112e-16,3.1135118e-16,6.8599128e-05,3.1135123e-16,3.1135112e-16,3.1135123e-16,6.8599128e-05
70,5,1.7896000e+02,1.3537068e+00,1.6085185e+03,2.1774625e+03,48,1.2574371e-04,-1.5912441e-21,-7.9562206e-22,-1.5912441e-21,1.2574371e-04,3.9781103e-22,-7.9562206e-22,3.9781103e-22,1.2574371e-04
70,6,2.1094300e+02,0.0000000e+00,8.7630507e+02,0.0000000e+00,48,0.0000000e+00,0.0000000e+00,0.0000000e+00,0.0000000e+00,0.0000000e+00,0.0000000e+00,0.0000000e+00,0.0000000e+00,0.0000000e+00
71,1,7.7364700e+01,3.7324384e+00,1.7769167e+03,6.6322320e+03,48,4.4458811e-04,-1.6135946e-20,-7.6837839e-21,-1.6135946e-20,4.4458811e-04,1.5367568e-21,-7.6837839e-21,1.5367568e-21,4.4458811e-04
71,2,9.9582300e+01,1.2676811e+00,2.2701505e+03,2.8778270e+03,48,2.4461764e-04,3.6262516e-21,8.4180841e-21,3.6262516e-21,2.4461764e-04,-3.1082157e-21,8.4180841e-21,-3.1082157e-21,2.4461764e-04
71,3,1.3677400e+02,2.0294125e+00,1.6201425e+03,3.2879373e+03,48,1.9614062e-04,-6.5242791e-21,4.0776744e-22,-6.5242791e-21,1.9614062e-04,8.1553488e-22,4.0776744e-22,8.1553488e-22,1.9614062e-04
71,4,1.5528600e+02,1.3985799e+00,1.5414392e+03,2.1558259e+03,48,1.2110631e-04,0.0000000e+00,-8.0400203e-23,0.0000000e+00,1.2110631e-04,0.0000000e+00,-8.0400203e-23,0.0000000e+00,1.2110631e-04
71,5,1.8046400e+02,1.7610444e+00,9.5055906e+02,1.6739767e+03,48,5.7068115e-05,-3.4465671e-22,-1.7232836e-22,-3.4465671e-22,5.7068115e-05,-5.1698507e-22,-1.7232836e-22,-5.1698507e-22,5.7068115e-05
71,6,2.1419700e+02,0.0000000e+00,1.0299682e+03,0.0000000e+00,48,0.0000000e+00,0.0000000e+00,0.0000000e+00,0.0000000e+00,0.0000000e+00,0.0000000e+00,0.0000000e+00,0.0000000e+00,0.0000000e+00
72,1,6.5519600e+01,8.6272360e+00,1.9433330e+03,1.6765592e+04,24,1.2331142e-03,7.8473269e-16,-5.3824778e-17,7.8473269e-16,1.2331142e-03,9.5090705e-16,-5.3824778e-17,9.5090705e-16,1.2331142e-03
72,2,8.3965200e+01,1.1451172e+00,2.8203426e+03,3.2296228e+03,24,3.4292609e-04,-6.7808180e-18,-9.8621020e-17,-6.7808180e-18,3.4292609e-04,3.7156034e-17,-9.8621020e-17,3.7156034e-17,3.4292609e-04
72,3,1.2296600e+02,2.2447675e+00,2.7279593e+03,6.1236344e+03,24,6.1930453e-04,1.2347403e-16,-2.2790045e-17,1.2347403e-16,6.1930453e-04,5.6977087e-17,-2.2790045e-17,5.6977087e-17,6.1930453e-04
72,4,1.6369000e+02,1.3497385e+00,1.3965977e+03,1.8850417e+03,24,9.5457263e-05,1.1256514e-17,1.2036801e-16,1.1256514e-17,9.5457263e-05,1.9064475e-17,1.2036801e-16,1.9064475e-17,9.5457263e-05
72,5,1.7801800e+02,2.0226550e+00,6.2048542e+02,1.2550279e+03,24,2.7975062e-05,1.2765558e-17,3.8295194e-17,1.2765558e-17,2.7975062e-05,4.2549325e-17,3.8295194e-17,4.2549325e-17,2.7975062e-05
72,6,2.1975700e+02,0.0000000e+00,1.2805184e+03,0.0000000e+00,24,0.0000000e+00,0.0000000e+00,0.0000000e+00,0.0000000e+00,0.0000000e+00,0.0000000e+00,0.0000000e+00,0.0000000e+00,0.0000000e+00
73,1,6.6057700e+01,8.0846167e+00,1.4305395e+03,1.1565364e+04,24,6.2609104e-04,2.4086835e-16,1.4814685e-15,2.4086835e-16,6.2609104e-04,-4.3467379e-17,1.4814685e-15,-4.3467379e-17,6.2609104e-04
73,2,7.2119000e+01,2.8590339e+00,2.3776633e+03,6.7978199e+03,24,6.1066416e-04,-6.9050949e-16,-7.0688128e-17,-6.9050949e-16,6.1066416e-04,3.5992329e-16,-7.0688128e-17,3.5992329e-16,6.1066416e-04
73,3,1.3601400e+02,1.8283936e+00,1.2731432e+03,2.3278069e+03,24,1.0916574e-04,1.4514781e-16,5.6419559e-18,1.4514781e-16,1.0916574e-04,4.0043722e-17,5.6419559e-18,4.0043722e-17,1.0916574e-04
73,4,1.7358800e+02,1.4060291e+00,1.0599148e+03,1.4902711e+03,24,5.6912000e-05,-4.9114044e-17,-8.5174984e-17,-4.9114044e-17,5.6912000e-05,-9.1404462e-17,-8.5174984e-17,-9.1404462e-17,5.6912000e-05
73,5,1.7910300e+02,2.0555833e+00,5.0280453e+02,1.0335566e+03,24,1.8655241e-05,-1.4379927e-17,9.4620337e-18,-1.4379927e-17,1.8655241e-05,-9.4431152e-18,9.4620337e-18,-9.4431152e-18,1.8655241e-05
73,6,2.0831400e+02,0.0000000e+00,1.2566448e+03,0.0000000e+00,24,0.0000000e+00,0.0000000e+00,0.0000000e+00,0.0000000e+00,0.0000000e+00,0.0000000e+00,0.0000000e+00,0.0000000e+00,0.0000000e+00
74,1,7.3976000e+01,3.5051854e+00,1.4178982e+03,4.9699959e+03,48,2.6610811e-04,0.0000000e+00,-5.9590004e-21,0.0000000e+00,2.6610811e-04,6.1395762e-21,-5.9590004e-21,6.1395762e-21,2.6610811e-04
74,2,8.9047300e+01,3.0930526e+00,2.7812529e+03,8.6025615e+03,48,8.9926004e-04,5.0751132e-21,5.2019910e-20,5.0751132e-21,8.9926004e-04,-5.5826245e-20,5.2019910e-20,-5.5826245e-20,8.9926004e-04
74,3,1.3838900e+02,2.2695916e+00,3.7453155e+02,8.5003365e+02,48,1.1712459e-05,-5.6955108e-23,-8.5432662e-23,-5.6955108e-23,1.1712459e-05,9.9671439e-23,-8.5432662e-23,9.9671439e-23,1.1712459e-05
74,4,1.7102400e+02,1.0363335e+00,1.3753236e+03,1.4252939e+03,48,7.0746372e-05,-8.1640531e-22,3.3166466e-22,-8.1640531e-22,7.0746372e-05,2.0410133e-22,3.3166466e-22,2.0410133e-22,7.0746372e-05
74,5,1.8082800e+02,1.6981300e+00,8.4395030e+02,1.4331374e+03,48,4.3367218e-05,-1.4951741e-21,-4.9839136e-22,-1.4951741e-21,4.3367218e-05,-1.4951741e-21,-4.9839136e-22,-1.4951741e-21,4.3367218e-05
74,6,2.0590700e+02,0.0000000e+00,6.8378952e+02,0.0000000e+00,48,0.0000000e+00,0.0000000e+00,0.0000000e+00,0.0000000e+00,0.0000000e+00,0.0000000e+00,0.0000000e+00,0.0000000e+00,0.0000000e+00
75,1,8.1118500e+01,2.2716802e+00,1.3825154e+03,3.1406328e+03,48,1.6361540e-04,9.3425545e-22,1.7517290e-21,9.3425545e-22,1.6361540e-04,1.9852928e-21,1.7517290e-21,1.9852928e-21,1.6361540e-04
75,2,1.0705100e+02,1.7603694e+00,2.0676246e+03,3.6397829e+03,48,2.8095461e-04,2.8690242e-21,-7.1725606e-22,2.8690242e-21,2.8095461e-04,1.0041585e-20,-7.1725606e-22,1.0041585e-20,2.8095461e-04
75,3,1.3485900e+02,2.8740458e+00,1.2931519e+03,3.7165779e+03,48,1.7713875e-04,2.1187110e-17,2.1189603e-17,2.1187110e-17,1.7713875e-04,2.1185936e-17,2.1189603e-17,2.1185936e-17,1.7713875e-04
75,4,1.6985400e+02,9.6975437e-01,1.2352684e+03,1.1979069e+03,48,5.3445067e-05,-1.5290665e-21,1.0273416e-21,-1.5290665e-21,5.3445067e-05,-1.0990166e-21,1.0273416e-21,-1.0990166e-21,5.3445067e-05
75,5,1.8076100e+02,1.0986723e+00,1.2435402e+03,1.3662433e+03,48,6.0920671e-05,6.4493755e-22,6.4493755e-22,6.4493755e-22,6.0920671e-05,-3.2246878e-22,6.4493755e-22,-3.2246878e-22,6.0920671e-05
75,6,2.0604400e+02,0.0000000e+00,4.9624551e+02,0.0000000e+00,48,0.0000000e+00,0.0000000e+00,0.0000000e+00,0.0000000e+00,0.0000000e+00,0.0000000e+00,0.0000000e+00,0.0000000e+00,0.0000000e+00
76,1,8.8502400e+01,1.9891271e+00,1.4983205e+03,2.9803499e+03,48,1.6786853e-04,0.0000000e+00,2.3207731e-21,0.0000000e+00,1.6786853e-04,6.1207204e-22,2.3207731e-21,6.1207204e-22,1.6786853e-04
76,2,1.1204100e+02,1.5383119e+00,7.0268751e+02,1.0809526e+03,48,2.8297754e-05,1.0029077e-17,1.0029653e-17,1.0029077e-17,2.8297754e-05,1.0029292e-17,1.0029653e-17,1.0029292e-17,2.8297754e-05
76,3,1.3888300e+02,3.4759201e+00,2.2394058e+03,7.7839956e+03,48,6.4112945e-04,6.9764030e-21,8.3716836e-21,6.9764030e-21,6.4112945e-04,1.1162245e-20,8.3716836e-21,1.1162245e-20,6.4112945e-04
76,4,1.6579500e+02,1.1307881e+00,1.2470512e+03,1.4101507e+03,48,6.3678826e-05,1.7875900e-21,1.5641412e-21,1.7875900e-21,6.3678826e-05,2.2344875e-21,1.5641412e-21,2.2344875e-21,6.3678826e-05
76,5,1.8190100e+02,8.5704075e-01,1.3721841e+03,1.1760176e+03,48,5.7818006e-05,-1.1729725e-21,-6.7027002e-22,-1.1729725e-21,5.7818006e-05,-1.8851344e-22,-6.7027002e-22,-1.8851344e-22,5.7818006e-05
76,6,2.0597100e+02,0.0000000e+00,4.8998264e+02,0.0000000e+00,48,0.0000000e+00,0.0000000e+00,0.0000000e+00,0.0000000e+00,0.0000000e+00,0.0000000e+00,0.0000000e+00,0.0000000e+00,0.0000000e+00
77,1,9.7207600e+01,1.5918819e+00,1.6724967e+03,2.6624172e+03,48,1.6687735e-04,-1.4242832e-21,6.7297381e-21,-1.4242832e-21,1.6687735e-04,-3.2555045e-21,6.7297381e-21,-3.2555045e-21,1.6687735e-04
77,2,1.0509700e+02,1.7426052e+00,1.2895597e+03,2.2471934e+03,48,1.0827158e-04,-3.5529004e-21,-5.1517056e-21,-3.5529004e-21,1.0827158e-04,2.8423203e-21,-5.1517056e-21,2.8423203e-21,1.0827158e-04
77,3,1.4761800e+02,1.6311367e+00,1.4223719e+03,2.3200830e+03,48,1.2079808e-04,1.4926068e-17,1.4926720e-17,1.4926068e-17,1.2079808e-04,1.4925661e-17,1.4926720e-17,1.4925661e-17,1.2079808e-04
77,4,1.5919800e+02,1.1586519e+00,1.1033930e+03,1.2784485e+03,48,5.1289165e-05,1.0531521e-17,1.0531980e-17,1.0531521e-17,5.1289165e-05,1.0531865e-17,1.0531980e-17,1.0531865e-17,5.1289165e-05
77,5,1.8471300e+02,9.9179451e-01,1.6029904e+03,1.5898371e+03,48,9.1132466e-05,-9.6768213e-23,3.8707285e-22,-9.6768213e-23,9.1132466e-05,3.7497683e-22,3.8707285e-22,3.7497683e-22,9.1132466e-05
77,6,2.0459400e+02,0.0000000e+00,7.4026737e+02,0.0000000e+00,48,0.0000000e+00,0.0000000e+00,0.0000000e+00,0.0000000e+00,0.0000000e+00,0.0000000e+00,0.0000000e+00,0.0000000e+00,0.0000000e+00
78,1,9.6215400e+01,2.5984413e+00,1.3998834e+03,3.6375147e+03,48,1.9090259e-04,-3.9869500e-21,5.4488317e-21,-3.9869500e-21,1.9090259e-04,-3.1895600e-21,5.4488317e-21,-3.1895600e-21,1.9090259e-04
78,2,1.0638500e+02,1.7208282e+00,1.3376717e+03,2.3019032e+03,48,1.1498559e-04,3.1121757e-21,5.2161818e-21,3.1121757e-21,1.1498559e-04,2.4546738e-21,5.2161818e-21,2.4546738e-21,1.1498559e-04
78,3,1.4309100e+02,1.1980219e+00,1.4743053e+03,1.7662501e+03,48,9.5558582e-05,1.4394531e-21,-1.1395670e-21,1.4394531e-21,9.5558582e-05,1.3194987e-21,-1.1395670e-21,1.3194987e-21,9.5558582e-05
78,4,1.5645500e+02,9.8802384e-01,1.1302058e+03,1.1166702e+03,48,4.5963022e-05,3.5979480e-18,3.5983775e-18,3.5979480e-18,4.5963022e-05,3.5972484e-18,3.5983775e-18,3.5972484e-18,4.5963022e-05
78,5,1.8827200e+02,1.3447914e+00,1.3688069e+03,1.8407597e+03,48,8.9874876e-05,-5.2352253e-22,2.6176127e-22,-5.2352253e-22,8.9874876e-05,7.1984348e-22,2.6176127e-22,7.1984348e-22,8.9874876e-05
78,6,2.0437800e+02,0.0000000e+00,9.8671072e+02,0.0000000e+00,48,0.0000000e+00,0.0000000e+00,0.0000000e+00,0.0000000e+00,0.0000000e+00,0.0000000e+00,0.0000000e+00,0.0000000e+00,0.0000000e+00
79,1,8.7021200e+01,4.3999620e+00,1.6052260e+03,7.0629333e+03,24,4.2641688e-04,2.3830371e-16,-1.0381502e-16,2.3830371e-16,4.2641688e-04,3.0569746e-16,-1.0381502e-16,3.0569746e-16,4.2641688e-04
79,2,1.0858700e+02,1.6797259e+00,7.9436536e+02,1.3343161e+03,24,3.9545176e-05,2.6265541e-17,9.9947911e-18,2.6265541e-17,3.9545176e-05,-4.6962860e-17,9.9947911e-18,-4.6962860e-17,3.9545176e-05
79,3,1.3935700e+02,1.5035297e+00,7.5652776e+02,1.1374620e+03,24,3.1641941e-05,1.0325278e-17,8.7784130e-17,1.0325278e-17,3.1641941e-05,-4.2773992e-18,8.7784130e-17,-4.2773992e-18,3.1641941e-05
79,4,1.5296700e+02,1.0337624e+00,1.4724140e+03,1.5221262e+03,24,8.1789390e-05,2.5606202e-17,-9.0053188e-17,2.5606202e-17,8.1789390e-05,4.9391702e-17,-9.0053188e-17,4.9391702e-17,8.1789390e-05
79,5,1.8651400e+02,1.6948927e+00,7.7497247e+02,1.3134952e+03,24,3.6354236e-05,-8.3136141e-17,3.7800084e-17,-8.3136141e-17,3.6354236e-05,-1.1192135e-16,3.7800084e-17,-1.1192135e-16,3.6354236e-05
79,6,2.0828300e+02,0.0000000e+00,9.8100816e+02,0.0000000e+00,24,0.0000000e+00,0.0000000e+00,0.0000000e+00,0.0000000e+00,0.0000000e+00,0.0000000e+00,0.0000000e+00,0.0000000e+00,0.0000000e+00
80,1,7.3819600e+01,5.5769317e+00,1.1283558e+03,6.2927634e+03,24,2.6814131e-04,-3.1063925e-16,1.6371648e-16,-3.1063925e-16,2.6814131e-04,1.5981093e-16,1.6371648e-16,1.5981093e-16,2.6814131e-04
80,2,7.9470400e+01,3.6965522e+00,2.1428660e+03,7.9212159e+03,24,6.3994650e-04,2.0454655e-16,-2.4106136e-16,2.0454655e-16,6.3994650e-04,5.0607395e-17,-2.4106136e-16,5.0607395e-17,6.3994650e-04
80,3,1.3600800e+02,2.6137972e+00,1.0721528e+03,2.8023900e+03,24,1.1067481e-04,2.5371660e-17,1.0607498e-16,2.5371660e-17,1.1067481e-04,1.5002054e-16,1.0607498e-16,1.5002054e-16,1.1067481e-04
80,4,1.7783000e+02,1.2802943e+00,9.4592822e+02,1.2110665e+03,24,4.1159235e-05,-5.9514067e-17,3.9152414e-17,-5.9514067e-17,4.1159235e-05,-4.7843754e-19,3.9152414e-17,-4.7843754e-19,4.1159235e-05
80,5,1.8252600e+02,2.0081634e+00,4.4101889e+02,8.8563801e+02,24,1.3988241e-05,-4.9648328e-17,3.7316497e-17,-4.9648328e-17,1.3988241e-05,4.9081585e-17,3.7316497e-17,4.9081585e-17,1.3988241e-05
80,6,2.0356900e+02,0.0000000e+00,1.4515201e+02,0.0000000e+00,24,0.0000000e+00,0.0000000e+00,0.0000000e+00,0.0000000e+00,0.0000000e+00,0.0000000e+00,0.0000000e+00,0.0000000e+00,0.0000000e+00
81,1,7.9130900e+01,3.3776456e+00,1.3001860e+03,4.3915674e+03,48,2.1529134e-04,-1.3899431e-21,1.0077088e-20,-1.3899431e-21,2.1529134e-04,1.3204460e-20,1.0077088e-20,1.3204460e-20,2.1529134e-04
81,2,9.5241100e+01,3.2205510e+00,2.7216425e+03,8.7651886e+03,48,8.9466877e-04,7.9092042e-21,1.7136609e-20,7.9092042e-21,8.9466877e-04,-1.0545606e-20,1.7136609e-20,-1.0545606e-20,8.9466877e-04
81,3,1.2910300e+02,2.8318917e+00,1.5094708e+03,4.2746577e+03,48,2.3850815e-04,1.1424448e-21,-1.3298772e-21,1.1424448e-21,2.3850815e-04,5.6899107e-22,-1.3298772e-21,5.6899107e-22,2.3850815e-04
81,4,1.7679000e+02,1.1758301e+00,9.5240865e+02,1.1198708e+03,48,3.8347382e-05,0.0000000e+00,4.4697393e-22,0.0000000e+00,3.8347382e-05,-8.0743677e-22,4.4697393e-22,-8.0743677e-22,3.8347382e-05
81,5,1.8461100e+02,1.4446819e+00,6.2653471e+02,9.0514338e+02,48,2.0280706e-05,2.8193190e-22,2.8193190e-22,2.8193190e-22,2.0280706e-05,8.4579570e-22,2.8193190e-22,8.4579570e-22,2.0280706e-05
81,6,2.0469700e+02,0.0000000e+00,2.3946339e+02,0.0000000e+00,48,0.0000000e+00,0.0000000e+00,0.0000000e+00,0.0000000e+00,0.0000000e+00,0.0000000e+00,0.0000000e+00,0.0000000e+00,0.0000000e+00
82,1,8.3626900e+01,2.3771720e+00,1.3129821e+03,3.1211843e+03,48,1.5430221e-04,4.8843408e-22,-5.4338292e-21,4.8843408e-22,1.5430221e-04,4.8843408e-22,-5.4338292e-21,4.8843408e-22,1.5430221e-04
82,2,1.1112800e+02,1.9018626e+00,1.2610983e+03,2.3984356e+03,48,1.1272725e-04,2.1264056e-16,2.1264791e-16,2.1264056e-16,1.1272725e-04,2.1264404e-16,2.1264791e-16,2.1264404e-16,1.1272725e-04
82,3,1.2393000e+02,4.0525947e+00,1.6349836e+03,6.6259259e+03,48,4.0143952e-04,1.5017028e-16,1.5016536e-16,1.5017028e-16,4.0143952e-04,1.5017028e-16,1.5016536e-16,1.5017028e-16,4.0143952e-04
82,4,1.7352000e+02,1.2624242e+00,1.0534953e+03,1.3299579e+03,48,5.0484432e-05,2.4822397e-22,3.1027997e-22,2.4822397e-22,5.0484432e-05,-1.9857918e-21,3.1027997e-22,-1.9857918e-21,5.0484432e-05
82,5,1.8707400e+02,9.0264820e-01,7.4127058e+02,6.6910656e+02,48,1.7706815e-05,-1.7584837e-22,-2.1981046e-22,-1.7584837e-22,1.7706815e-05,4.1763987e-22,-2.1981046e-22,4.1763987e-22,1.7706815e-05
82,6,2.0475100e+02,0.0000000e+00,2.7521839e+02,0.0000000e+00,48,0.0000000e+00,0.0000000e+00,0.0000000e+00,0.0000000e+00,0.0000000e+00,0.0000000e+00,0.0000000e+00,0.0000000e+00,0.0000000e+00
83,1,8.9301500e+01,2.0189207e+00,1.4589198e+03,2.9454433e+03,48,1.6160549e-04,-2.4219852e-07,-1.2109926e-07,-2.4219852e-07,1.6189562e-04,2.2740917e-07,-1.2109926e-07,2.2740917e-07,1.6099278e-04
83,2,1.0989400e+02,2.0731459e+00,9.3097725e+02,1.9300517e+03,48,6.7143881e-05,-2.2490891e-06,-1.1245445e-06,-2.2490891e-06,6.6992576e-05,-1.7431939e-06,-1.1245445e-06,-1.7431939e-06,6.7087774e-05
83,3,1.3499300e+02,2.6493727e+00,2.3676106e+03,6.2726829e+03,48,5.4628542e-04,-2.4370270e-06,-1.2185165e-06,-2.4370270e-06,5.4688661e-04,-2.3890864e-07,-1.2185165e-06,-2.3890864e-07,5.4883779e-04
83,4,1.6723900e+02,1.2974529e+00,1.2842622e+03,1.6662697e+03,48,7.7389985e-05,-7.8113380e-08,-3.9056690e-08,-7.8113380e-08,7.7342889e-05,1.0237386e-08,-3.9056690e-08,1.0237386e-08,7.7524904e-05
83,5,1.9090900e+02,8.2334304e-01,9.4182597e+02,7.7544585e+02,48,2.5985360e-05,-5.4239882e-07,-2.7119920e-07,-5.4239882e-07,2.4430133e-05,-3.6606173e-07,-2.7119920e-07,-3.6606173e-07,2.7899522e-05
83,6,2.0178800e+02,0.0000000e+00,6.1750410e+02,0.0000000e+00,48,0.0000000e+00,0.0000000e+00,0.0000000e+00,0.0000000e+00,0.0000000e+00,0.0000000e+00,0.0000000e+00,0.0000000e+00,0.0000000e+00
84,1,9.7288500e+01,1.6325338e+00,1.6882368e+03,2.7561037e+03,24,1.7437005e-04,-9.4634377e-17,1.0459112e-16,-9.4634377e-17,1.7437005e-04,1.3386236e-16,1.0459112e-16,1.3386236e-16,1.7437005e-04
84,2,1.0335300e+02,2.8016413e+00,1.1322852e+03,3.1722570e+03,24,1.3429448e-04,6.9804080e-17,-6.3678219e-17,6.9804080e-17,1.3429448e-04,2.4437658e-16,-6.3678219e-17,2.4437658e-16,1.3429448e-04
84,3,1.4363700e+02,1.5249547e+00,1.1570483e+03,1.7644462e+03,24,7.4896354e-05,2.2472943e-18,-1.0812676e-16,2.2472943e-18,7.4896354e-05,1.0898462e-17,-1.0812676e-16,1.0898462e-17,7.4896354e-05
84,4,1.6013600e+02,1.2114332e+00,1.1524370e+03,1.3961005e+03,24,5.8465423e-05,9.9968254e-19,8.9703666e-17,9.9968254e-19,5.8465423e-05,8.2274740e-17,8.9703666e-17,8.2274740e-17,5.8465423e-05
84,5,1.9599000e+02,1.1600564e+00,7.7610600e+02,9.0032676e+02,24,2.4784818e-05,1.1286951e-17,4.6554024e-17,1.1286951e-17,2.4784818e-05,-1.1026753e-17,4.6554024e-17,-1.1026753e-17,2.4784818e-05
84,6,1.9734300e+02,0.0000000e+00,7.9512985e+02,0.0000000e+00,24,0.0000000e+00,0.0000000e+00,0.0000000e+00,0.0000000e+00,0.0000000e+00,0.0000000e+00,0.0000000e+00,0.0000000e+00,0.0000000e+00
85,1,7.8368700e+01,4.6125139e+00,9.1618554e+02,4.2259186e+03,24,1.4601779e-04,9.4931184e-17,1.4621199e-16,9.4931184e-17,1.4601779e-04,1.1328413e-16,1.4621199e-16,1.1328413e-16,1.4601779e-04
85,2,8.3913200e+01,4.0359142e+00,2.0195479e+03,8.1507220e+03,24,6.1973261e-04,1.2056334e-16,-4.2035538e-16,1.2056334e-16,6.1973261e-04,2.9032485e-16,-4.2035538e-16,2.9032485e-16,6.1973261e-04
85,3,1.2462700e+02,2.8479363e+00,1.2908443e+03,3.6762424e+03,24,1.7579025e-04,-1.7538381e-16,-4.0534416e-17,-1.7538381e-16,1.7579025e-04,4.4188657e-17,-4.0534416e-17,4.4188657e-17,1.7579025e-04
85,4,1.8146300e+02,1.2990687e+00,5.7507075e+02,7.4705640e+02,24,1.5397223e-05,-1.4668521e-17,1.3386900e-17,-1.4668521e-17,1.5397223e-05,1.2884970e-17,1.3386900e-17,1.2884970e-17,1.5397223e-05
85,5,1.8488500e+02,1.6036446e+00,3.4235378e+02,5.4901378e+02,24,6.7204094e-06,1.5908733e-17,-3.7834726e-19,1.5908733e-17,6.7204094e-06,-1.1615711e-17,-3.7834726e-19,-1.1615711e-17,6.7204094e-06
85,6,2.0671600e+02,0.0000000e+00,4.7106240e+02,0.0000000e+00,24,0.0000000e+00,0.0000000e+00,0.0000000e+00,0.0000000e+00,0.0000000e+00,0.0000000e+00,0.0000000e+00,0.0000000e+00,0.0000000e+00
86,1,8.1617500e+01,3.3946413e+00,1.2701378e+03,4.3116623e+03,48,2.0633134e-04,-4.1876095e-21,-5.2345119e-21,-4.1876095e-21,2.0633134e-04,-5.5834793e-21,-5.2345119e-21,-5.5834793e-21,2.0633134e-04
86,2,9.8782600e+01,3.5361250e+00,2.8246115e+03,9.9881792e+03,48,1.0566838e-03,5.7818792e-21,2.8909396e-20,5.7818792e-21,1.0566838e-03,5.7818792e-21,2.8909396e-20,5.7818792e-21,1.0566838e-03
86,3,1.1859900e+02,2.6798107e+00,8.6489776e+02,2.3177623e+03,48,7.4467034e-05,-1.6296982e-21,-1.3580819e-21,-1.6296982e-21,7.4467034e-05,-1.1204175e-21,-1.3580819e-21,-1.1204175e-21,7.4467034e-05
86,4,1.7935200e+02,1.2413545e+00,7.4064765e+02,9.1940629e+02,48,2.4440672e-05,6.6861167e-22,6.0782879e-23,6.6861167e-22,2.4440672e-05,0.0000000e+00,6.0782879e-23,0.0000000e+00,2.4440672e-05
86,5,1.8716100e+02,1.1950789e+00,4.2714666e+02,5.1047395e+02,48,7.7838104e-06,1.0665605e-18,1.0664186e-18,1.0665605e-18,7.7838104e-06,1.0666623e-18,1.0664186e-18,1.0666623e-18,7.7838104e-06
86,6,2.0672400e+02,0.0000000e+00,4.0831968e+02,0.0000000e+00,48,0.0000000e+00,0.0000000e+00,0.0000000e+00,0.0000000e+00,0.0000000e+00,0.0000000e+00,0.0000000e+00,0.0000000e+00,0.0000000e+00
87,1,8.4411100e+01,2.3834614e+00,1.3026147e+03,3.1047317e+03,24,1.5223853e-04,-8.8453746e-10,-8.8453746e-10,-8.8453746e-10,1.5223853e-04,-8.8453769e-10,-8.8453746e-10,-8.8453769e-10,1.5223853e-04
87,2,1.1385600e+02,2.6678243e+00,6.5797130e+02,1.7553518e+03,24,4.2994666e-05,-1.8685976e-06,-1.8685976e-06,-1.8685976e-06,4.2994666e-05,-1.8685976e-06,-1.8685976e-06,-1.8685976e-06,4.2994666e-05
87,3,1.1728500e+02,3.7317914e+00,2.9646007e+03,1.1063271e+04,24,1.2190929e-03,-9.4527967e-06,-9.4527967e-06,-9.4527967e-06,1.2190929e-03,-9.4527967e-06,-9.4527967e-06,-9.4527967e-06,1.2190929e-03
87,4,1.7448600e+02,1.3731313e+00,1.0495585e+03,1.4411817e+03,24,5.4467286e-05,-8.1360463e-08,-8.1360463e-08,-8.1360463e-08,5.4467286e-05,-8.1360463e-08,-8.1360463e-08,-8.1360463e-08,5.4467286e-05
87,5,1.8998300e+02,8.7821136e-01,4.9563801e+02,4.3527493e+02,24,7.6859191e-06,8.8767798e-08,8.8767798e-08,8.8767798e-08,7.6859191e-06,8.8767798e-08,8.8767798e-08,8.8767798e-08,7.6859191e-06
87,6,2.0453600e+02,0.0000000e+00,5.3564112e+02,0.0000000e+00,24,0.0000000e+00,0.0000000e+00,0.0000000e+00,0.0000000e+00,0.0000000e+00,0.0000000e+00,0.0000000e+00,0.0000000e+00,0.0000000e+00
88,1,7.9860400e+01,4.3927788e+00,8.3814600e+02,3.6817900e+03,12,1.1632790e-04,-6.9330386e-17,1.0399771e-15,-6.9330386e-17,1.1632790e-04,2.0799331e-16,1.0399771e-15,2.0799331e-16,1.1632790e-04
88,2,8.5461200e+01,4.0030909e+00,2.0012700e+03,8.0112657e+03,12,6.0331381e-04,-3.6059546e-13,-3.5984393e-13,-3.6059546e-13,6.0331381e-04,-3.6029466e-13,-3.5984393e-13,-3.6029466e-13,6.0331381e-04
88,3,1.1874100e+02,2.6685465e+00,2.8650300e+02,7.6454659e+02,12,8.1364623e-06,2.4081564e-13,2.4061702e-13,2.4081564e-13,8.1364623e-06,2.4067380e-13,2.4061702e-13,2.4067380e-13,8.1364623e-06
88,4,1.8260300e+02,1.2177816e+00,4.4177600e+02,5.3798668e+02,12,8.5113844e-06,-1.6125418e-14,-1.6115797e-14,-1.6125418e-14,8.5113844e-06,-1.6163915e-14,-1.6115797e-14,-1.6163915e-14,8.5113844e-06
88,5,1.8572300e+02,1.4472808e+00,2.8780700e+02,4.1653756e+02,12,4.2838839e-06,5.2047674e-17,3.7177049e-17,5.2047674e-17,4.2838839e-06,-2.2306171e-17,3.7177049e-17,-2.2306171e-17,4.2838839e-06
88,6,2.0879600e+02,0.0000000e+00,2.8418900e+02,0.0000000e+00,12,0.0000000e+00,0.0000000e+00,0.0000000e+00,0.0000000e+00,0.0000000e+00,0.0000000e+00,0.0000000e+00,0.0000000e+00,0.0000000e+00
89,1,7.5886100e+01,5.8086980e+00,1.6789243e+03,9.7523644e+03,24,6.1795994e-04,-1.0236805e-15,-6.6659177e-16,-1.0236805e-15,6.1795994e-04,-6.8828934e-16,-6.6659177e-16,-6.8828934e-16,6.1795994e-04
89,2,9.3072200e+01,1.7947701e+00,2.6409669e+03,4.7399285e+03,24,4.6983300e-04,-2.0325004e-16,-2.4883820e-16,-2.0325004e-16,4.6983300e-04,-2.9142894e-17,-2.4883820e-16,-2.9142894e-17,4.6983300e-04
89,3,1.3742300e+02,1.9193485e+00,5.7061118e+02,1.0952017e+03,24,2.3002664e-05,-5.9473483e-18,-2.2378579e-17,-5.9473483e-18,2.3002664e-05,5.9560234e-17,-2.2378579e-17,5.9560234e-17,2.3002664e-05
89,4,1.6258300e+02,1.1872193e+00,1.5172224e+03,1.8012758e+03,24,9.9161657e-05,1.6163927e-17,-7.6432107e-17,1.6163927e-17,9.9161657e-05,-7.3002786e-17,-7.6432107e-17,-7.3002786e-17,9.9161657e-05
89,5,1.8209700e+02,1.8822989e+00,6.5259036e+02,1.2283701e+03,24,2.8717602e-05,2.6487452e-17,-3.5265192e-17,2.6487452e-17,2.8717602e-05,-7.5681412e-18,-3.5265192e-17,-7.5681412e-18,2.8717602e-05
89,6,2.0958900e+02,0.0000000e+00,1.0442082e+03,0.0000000e+00,24,0.0000000e+00,0.0000000e+00,0.0000000e+00,0.0000000e+00,0.0000000e+00,0.0000000e+00,0.0000000e+00,0.0000000e+00,0.0000000e+00
90,1,8.5213600e+01,3.4147826e+00,1.5675218e+03,5.3527462e+03,48,3.1576339e-04,0.0000000e+00,2.1914725e-21,0.0000000e+00,3.1576339e-04,-2.2791314e-21,2.1914725e-21,-2.2791314e-21,3.1576339e-04
90,2,1.0660500e+02,1.7276131e+00,1.5968493e+03,2.7587377e+03,48,1.6449107e-04,-1.0560565e-21,-1.7600941e-21,-1.0560565e-21,1.6449107e-04,4.5762446e-21,-1.7600941e-21,4.5762446e-21,1.6449107e-04
90,3,1.3675200e+02,1.9605719e+00,8.7434830e+02,1.7142227e+03,48,5.5188361e-05,9.0241784e-18,9.0226027e-18,9.0241784e-18,5.5188361e-05,9.0219995e-18,9.0226027e-18,9.0219995e-18,5.5188361e-05
90,4,1.6176100e+02,8.8385089e-01,1.4469010e+03,1.2788448e+03,48,6.7172375e-05,1.4007301e-21,1.2475253e-21,1.4007301e-21,6.7172375e-05,1.0067748e-21,1.2475253e-21,1.0067748e-21,6.7172375e-05
90,5,1.8427500e+02,1.5753976e+00,1.0811412e+03,1.7032273e+03,48,6.5868450e-05,9.2254011e-22,7.6878342e-22,9.2254011e-22,6.5868450e-05,-1.2300535e-21,7.6878342e-22,-1.2300535e-21,6.5868450e-05
90,6,2.0661500e+02,0.0000000e+00,7.9616036e+02,0.0000000e+00,48,0.0000000e+00,0.0000000e+00,0.0000000e+00,0.0000000e+00,0.0000000e+00,0.0000000e+00,0.0000000e+00,0.0000000e+00,0.0000000e+00
91,1,9.3464400e+01,2.2787447e+00,1.5275013e+03,3.4807855e+03,48,1.9952942e-04,-9.3330837e-22,1.9103656e-21,-9.3330837e-22,1.9952942e-04,-1.0791378e-21,1.9103656e-21,-1.0791378e-21,1.9952942e-04
91,2,1.0952800e+02,1.5045303e+00,9.6021486e+02,1.4446723e+03,48,5.1734732e-05,-3.0619408e-22,2.8705695e-22,-3.0619408e-22,5.1734732e-05,3.0619408e-22,2.8705695e-22,3.0619408e-22,5.1734732e-05
91,3,1.4022500e+02,1.9288636e+00,1.7616609e+03,3.3980036e+03,48,2.2001233e-04,-2.3211598e-21,-5.4160395e-21,-2.3211598e-21,2.2001233e-04,-1.5474399e-21,-5.4160395e-21,-1.5474399e-21,2.2001233e-04
91,4,1.6232400e+02,1.0856279e+00,9.7336568e+02,1.0567129e+03,48,3.7326452e-05,0.0000000e+00,-3.7623061e-22,0.0000000e+00,3.7326452e-05,-4.2997784e-22,-3.7623061e-22,-4.2997784e-22,3.7326452e-05
91,5,1.8317400e+02,1.0343813e+00,1.4979616e+03,1.5494634e+03,48,8.3087725e-05,8.0825230e-22,-4.0412615e-22,8.0825230e-22,8.3087725e-05,4.0412615e-22,-4.0412615e-22,4.0412615e-22,8.3087725e-05
91,6,2.0570800e+02,0.0000000e+00,7.2357342e+02,0.0000000e+00,48,0.0000000e+00,0.0000000e+00,0.0000000e+00,0.0000000e+00,0.0000000e+00,0.0000000e+00,0.0000000e+00,0.0000000e+00,0.0000000e+00
92,1,1.0067700e+02,2.2068508e+00,9.9429150e+01,2.1942530e+02,24,8.1655852e-07,-3.2177713e-08,-4.8266569e-08,-3.2177713e-08,8.1655852e-07,-4.8266569e-08,-4.8266569e-08,-4.8266569e-08,8.1655722e-07
92,2,1.0339700e+02,1.2827445e+00,1.0613360e+02,1.3614230e+02,24,5.4022190e-07,-3.9448140e-08,-5.9172211e-08,-3.9448140e-08,5.4022190e-07,-5.9172211e-08,-5.9172211e-08,-5.9172211e-08,5.4022269e-07
92,3,1.4717400e+02,1.8101259e+00,1.5823157e+03,2.8641906e+03,24,1.6593823e-04,-1.5605322e-06,-2.3407982e-06,-1.5605322e-06,1.6593823e-04,-2.3407982e-06,-2.3407982e-06,-2.3407982e-06,1.6593823e-04
92,4,1.5997200e+02,1.2998115e+00,8.4080861e+02,1.0928927e+03,24,3.3395132e-05,1.2713088e-07,1.9069632e-07,1.2713088e-07,3.3395132e-05,1.9069632e-07,1.9069632e-07,1.9069632e-07,3.3395132e-05
92,5,1.8218200e+02,8.2180810e-01,1.5204852e+03,1.2495471e+03,24,6.8059322e-05,-6.3558925e-07,-9.5338387e-07,-6.3558925e-07,6.8059322e-05,-9.5338387e-07,-9.5338387e-07,-9.5338387e-07,6.8059322e-05
92,6,2.0556100e+02,0.0000000e+00,6.3894294e+02,0.0000000e+00,24,0.0000000e+00,0.0000000e+00,0.0000000e+00,0.0000000e+00,0.0000000e+00,0.0000000e+00,0.0000000e+00,0.0000000e+00,0.0000000e+00
93,1,8.3278500e+01,4.4726376e+00,1.4408563e+03,6.4444280e+03,24,3.4966104e-04,1.8425197e-16,3.7074658e-16,1.8425197e-16,3.4966104e-04,-5.9376795e-17,3.7074658e-16,-5.9376795e-17,3.4966104e-04
93,2,9.9191600e+01,1.9761332e+00,2.3202241e+03,4.5850718e+03,24,3.9839045e-04,3.2507994e-16,6.7591084e-17,3.2507994e-16,3.9839045e-04,-5.2061991e-18,6.7591084e-17,-5.2061991e-18,3.9839045e-04
93,3,1.3307300e+02,2.3476098e+00,1.2965807e+03,3.0438656e+03,24,1.4559331e-04,1.2106554e-16,1.1720481e-18,1.2106554e-16,1.4559331e-04,-1.7971089e-17,1.1720481e-18,-1.7971089e-17,1.4559331e-04
93,4,1.7009700e+02,8.9933610e-01,1.3055982e+03,1.1741716e+03,24,5.5360028e-05,7.1675002e-18,1.7355096e-17,7.1675002e-18,5.5360028e-05,-3.3769446e-17,1.7355096e-17,-3.3769446e-17,5.5360028e-05
93,5,1.8578900e+02,1.7256686e+00,6.1947462e+02,1.0690079e+03,24,2.3662817e-05,4.6546364e-17,-7.7471873e-17,4.6546364e-17,2.3662817e-05,-1.7617721e-17,-7.7471873e-17,-1.7617721e-17,2.3662817e-05
93,6,2.0395900e+02,0.0000000e+00,2.4692851e+02,0.0000000e+00,24,0.0000000e+00,0.0000000e+00,0.0000000e+00,0.0000000e+00,0.0000000e+00,0.0000000e+00,0.0000000e+00,0.0000000e+00,0.0000000e+00
94,1,9.0115900e+01,3.1503791e+00,1.4897033e+03,4.6931303e+03,48,2.6267609e-04,9.0427479e-21,3.2295528e-21,9.0427479e-21,2.6267609e-04,1.0980480e-20,3.2295528e-21,1.0980480e-20,2.6267609e-04
94,2,1.0949800e+02,1.7719172e+00,7.2528169e+02,1.2851391e+03,48,3.4762156e-05,1.6520349e-17,1.6519538e-17,1.6520349e-17,3.4762156e-05,1.6520169e-17,1.6519538e-17,1.6520169e-17,3.4762156e-05
94,3,1.2840200e+02,2.5892678e+00,1.4255495e+03,3.6911294e+03,48,1.9456650e-04,1.0449244e-21,1.0449244e-21,1.0449244e-21,1.9456650e-04,-1.0449244e-21,1.0449244e-21,-1.0449244e-21,1.9456650e-04
94,4,1.6934100e+02,1.0956480e+00,1.0684989e+03,1.1706987e+03,48,4.5194510e-05,-4.3203505e-22,7.0205696e-22,-4.3203505e-22,4.5194510e-05,8.1006572e-22,7.0205696e-22,8.1006572e-22,4.5194510e-05
94,5,1.8825400e+02,1.1973944e+00,8.8035650e+02,1.0541340e+03,48,3.3102363e-05,2.3307370e-22,-6.9922109e-22,2.3307370e-22,3.3102363e-05,2.3307370e-22,-6.9922109e-22,2.3307370e-22,3.3102363e-05
94,6,2.0311700e+02,0.0000000e+00,4.4494155e+02,0.0000000e+00,48,0.0000000e+00,0.0000000e+00,0.0000000e+00,0.0000000e+00,0.0000000e+00,0.0000000e+00,0.0000000e+00,0.0000000e+00,0.0000000e+00
95,1,9.5830800e+01,2.0751991e+00,1.5178302e+03,3.1497999e+03,48,1.7925969e-04,-1.2738225e-21,-2.7599488e-21,-1.2738225e-21,1.7925969e-04,-6.3691125e-22,-2.7599488e-21,-6.3691125e-22,1.7925969e-04
95,2,1.0763400e+02,1.6599662e+00,1.0874867e+03,1.8051912e+03,48,7.3271056e-05,6.7618562e-22,-5.0713922e-22,6.7618562e-22,7.3271056e-05,7.6070882e-22,-5.0713922e-22,7.6070882e-22,7.3271056e-05
95,3,1.3491300e+02,2.5568225e+00,1.9825048e+03,5.0689130e+03,48,3.7037173e-04,2.0569358e-21,-2.0569358e-21,2.0569358e-21,3.7037173e-04,-4.1138716e-21,-2.0569358e-21,-4.1138716e-21,3.7037173e-04
95,4,1.6607800e+02,1.8155088e+00,9.3197863e+02,1.6920154e+03,48,5.7092380e-05,0.0000000e+00,-2.6901651e-22,0.0000000e+00,5.7092380e-05,1.7934434e-22,-2.6901651e-22,1.7934434e-22,5.7092380e-05
95,5,1.8977800e+02,9.2045320e-01,1.0503537e+03,9.6680143e+02,48,3.6182979e-05,8.9485900e-23,-8.9485900e-22,8.9485900e-23,3.6182979e-05,-4.0268655e-22,-8.9485900e-22,-4.0268655e-22,3.6182979e-05
95,6,2.0229600e+02,0.0000000e+00,5.6706316e+02,0.0000000e+00,48,0.0000000e+00,0.0000000e+00,0.0000000e+00,0.0000000e+00,0.0000000e+00,0.0000000e+00,0.0000000e+00,0.0000000e+00,0.0000000e+00
96,1,1.0092300e+02,2.6360395e+00,8.6744537e+02,2.2866202e+03,48,7.4230384e-05,2.4662259e-17,2.4664109e-17,2.4662259e-17,7.4230384e-05,2.4662259e-17,2.4664109e-17,2.4662259e-17,7.4230384e-05
96,2,1.0299400e+02,1.6927850e+00,1.1017228e+03,1.8649798e+03,48,7.6831944e-05,7.7547853e-18,7.7543724e-18,7.7547853e-18,7.6831944e-05,7.7541808e-18,7.7543724e-18,7.7541808e-18,7.6831944e-05
96,3,1.3804300e+02,1.8818308e+00,1.4769222e+03,2.7793178e+03,48,1.5104224e-04,-9.0687164e-21,5.6679478e-21,-9.0687164e-21,1.5104224e-04,-7.5572637e-22,5.6679478e-21,-7.5572637e-22,1.5104224e-04
96,4,1.6359900e+02,1.7990158e+00,7.5315514e+02,1.3549380e+03,48,3.7003695e-05,-2.2248854e-22,-8.8995417e-22,-2.2248854e-22,3.7003695e-05,-8.8995417e-23,-8.8995417e-22,-8.8995417e-23,3.7003695e-05
96,5,1.9178000e+02,1.0105796e+00,1.1708905e+03,1.1832780e+03,48,4.9295509e-05,7.8484922e-22,-7.8484922e-22,7.8484922e-22,4.9295509e-05,4.9053076e-23,-7.8484922e-22,4.9053076e-23,4.9295509e-05
96,6,2.0063900e+02,0.0000000e+00,7.8754373e+02,0.0000000e+00,48,0.0000000e+00,0.0000000e+00,0.0000000e+00,0.0000000e+00,0.0000000e+00,0.0000000e+00,0.0000000e+00,0.0000000e+00,0.0000000e+00
97,1,9.4083200e+01,3.3818025e+00,1.3820643e+03,4.6738684e+03,24,2.4235752e-04,5.7048409e-17,-1.8023771e-16,5.7048409e-17,2.4235752e-04,-2.2844874e-16,-1.8023771e-16,-2.2844874e-16,2.4235752e-04
97,2,1.0847000e+02,1.6964090e+00,5.5222746e+02,9.3680365e+02,24,1.9301991e-05,2.3400704e-17,-1.9052313e-17,2.3400704e-17,1.9301991e-05,1.2759975e-17,-1.9052313e-17,1.2759975e-17,1.9301991e-05
97,3,1.3446300e+02,1.6692017e+00,1.3137911e+03,2.1929822e+03,24,1.0621121e-04,2.3894536e-18,-1.0664725e-18,2.3894536e-18,1.0621121e-04,2.3901853e-18,-1.0664725e-18,2.3901853e-18,1.0621121e-04
97,4,1.6307000e+02,1.0237543e+00,1.1359414e+03,1.1629249e+03,24,4.7917177e-05,4.1975210e-18,-5.8996159e-17,4.1975210e-18,4.7917177e-05,1.7927301e-17,-5.8996159e-17,1.7927301e-17,4.7917177e-05
97,5,1.9059500e+02,1.4079142e+00,7.4984810e+02,1.0557218e+03,24,2.8190259e-05,-5.2044406e-17,2.5561183e-17,-5.2044406e-17,2.8190259e-05,-6.3718296e-17,2.5561183e-17,-6.3718296e-17,2.8190259e-05
97,6,2.0195300e+02,0.0000000e+00,6.4200942e+02,0.0000000e+00,24,0.0000000e+00,0.0000000e+00,0.0000000e+00,0.0000000e+00,0.0000000e+00,0.0000000e+00,0.0000000e+00,0.0000000e+00,0.0000000e+00
98,1,8.7607900e+01,3.8751159e+00,1.2842788e+03,4.9767292e+03,24,2.4034295e-04,1.3593685e-16,-4.3265209e-16,1.3593685e-16,2.4034295e-04,-1.8823446e-17,-4.3265209e-16,-1.8823446e-17,2.4034295e-04
98,2,1.0310400e+02,2.7608150e+00,2.1373055e+03,5.9007051e+03,24,4.7157100e-04,-1.9800544e-16,3.1333851e-17,-1.9800544e-16,4.7157100e-04,1.9546984e-16,3.1333851e-17,1.9546984e-16,4.7157100e-04
98,3,1.2152900e+02,2.6136134e+00,1.3079921e+03,3.4185856e+03,24,1.6588209e-04,-6.5913686e-17,-2.4251667e-17,-6.5913686e-17,1.6588209e-04,-1.8928998e-16,-2.4251667e-17,-1.8928998e-16,1.6588209e-04
98,4,1.7555800e+02,1.0852764e+00,9.2489715e+02,1.0037690e+03,24,3.3406336e-05,2.2202901e-18,-3.8622355e-17,2.2202901e-18,3.3406336e-05,-2.2040585e-17,-3.8622355e-17,-2.2040585e-17,3.3406336e-05
98,5,1.8833800e+02,1.3399032e+00,5.5862932e+02,7.4850924e+02,24,1.4914185e-05,1.9988973e-18,-1.3321538e-18,1.9988973e-18,1.4914185e-05,-1.9712643e-17,-1.3321538e-18,-1.9712643e-17,1.4914185e-05
98,6,2.0432100e+02,0.0000000e+00,4.3450884e+02,0.0000000e+00,24,0.0000000e+00,0.0000000e+00,0.0000000e+00,0.0000000e+00,0.0000000e+00,0.0000000e+00,0.0000000e+00,0.0000000e+00,0.0000000e+00
99,1,9.2426700e+01,2.9326083e+00,1.4907101e+03,4.3716687e+03,48,2.4465188e-04,-4.2054420e-21,-6.9089404e-21,-4.2054420e-21,2.4465188e-04,4.8062194e-21,-6.9089404e-21,4.8062194e-21,2.4465188e-04
99,2,1.1116800e+02,2.2076970e+00,4.7440162e+02,1.0473350e+03,48,1.8517243e-05,2.4683412e-16,2.4683418e-16,2.4683412e-16,1.8517243e-05,2.4683435e-16,2.4683418e-16,2.4683435e-16,1.8517243e-05
99,3,1.2017100e+02,3.5231037e+00,2.0479032e+03,7.2149753e+03,48,5.4848393e-04,4.2820106e-21,2.4264727e-20,4.2820106e-21,5.4848393e-04,-8.5640212e-21,2.4264727e-20,-8.5640212e-21,5.4848393e-04
99,4,1.7240600e+02,1.5822182e+00,9.4257861e+02,1.4913651e+03,48,5.0688066e-05,-1.5566536e-22,-2.7241439e-22,-1.5566536e-22,5.0688066e-05,3.1133073e-22,-2.7241439e-22,3.1133073e-22,5.0688066e-05
99,5,1.9133800e+02,1.0189342e+00,6.1088591e+02,6.2245257e+02,48,1.3533486e-05,2.7197090e-18,2.7197584e-18,2.7197090e-18,1.3533486e-05,2.7197213e-18,2.7197584e-18,2.7197213e-18,1.3533486e-05
99,6,2.0272500e+02,0.0000000e+00,5.6033498e+02,0.0000000e+00,48,0.0000000e+00,0.0000000e+00,0.0000000e+00,0.0000000e+00,0.0000000e+00,0.0000000e+00,0.0000000e+00,0.0000000e+00,0.0000000e+00
100,1,9.6675600e+01,2.0507629e+00,1.5312122e+03,3.1401533e+03,24,1.8023030e-04,1.0613995e-16,2.5365791e-17,1.0613995e-16,1.8023030e-04,1.6102066e-17,2.5365791e-17,1.6102066e-17,1.8023030e-04
100,2,1.0729500e+02,2.3575679e+00,9.7271499e+02,2.2932417e+03,24,8.3268566e-05,1.1875438e-16,1.6323517e-16,1.1875438e-16,8.3268566e-05,-1.0474873e-16,1.6323517e-16,-1.0474873e-16,8.3268566e-05
100,3,1.3114800e+02,2.4262186e+00,1.7518215e+03,4.2503019e+03,24,2.7494551e-04,8.3034123e-18,3.2865685e-17,8.3034123e-18,2.7494551e-04,-5.8882253e-17,3.2865685e-17,-5.8882253e-17,2.7494551e-04
100,4,1.6752800e+02,2.3077582e+00,8.2073163e+02,1.8940502e+03,24,5.6229226e-05,-3.7484449e-17,-7.2316700e-17,-3.7484449e-17,5.6229226e-05,1.4889624e-16,-7.2316700e-17,1.4889624e-16,5.6229226e-05
100,5,1.9482800e+02,7.8437985e-01,6.3156515e+02,4.9538698e+02,24,1.1107080e-05,-1.5922989e-17,1.6790648e-17,-1.5922989e-17,1.1107080e-05,-7.0413320e-23,1.6790648e-17,-7.0413320e-23,1.1107080e-05
100,6,1.9908300e+02,0.0000000e+00,7.0152623e+02,0.0000000e+00,24,0.0000000e+00,0.0000000e+00,0.0000000e+00,0.0000000e+00,0.0000000e+00,0.0000000e+00,0.0000000e+00,0.0000000e+00,0.0000000e+00
101,1,8.9023800e+01,3.8041413e+00,1.2304700e+03,4.6808818e+03,12,2.1648071e-04,-1.5380036e-16,-7.9097034e-16,-1.5380036e-16,2.1648071e-04,-2.6365987e-16,-7.9097034e-16,-2.6365987e-16,2.1648071e-04
101,2,1.0551300e+02,3.7008402e+00,2.4450600e+03,9.0487763e+03,12,8.2649331e-04,-3.4647632e-12,-3.4642143e-12,-3.4647632e-12,8.2649331e-04,-3.4639189e-12,-3.4642143e-12,-3.4639189e-12,8.2649331e-04
101,3,1.1501200e+02,2.5731400e+00,5.9472600e+02,1.5303133e+03,12,3.3862700e-05,6.5708528e-13,6.5701403e-13,6.5708528e-13,3.3862700e-05,6.5695716e-13,6.5701403e-13,6.5695716e-13,3.3862700e-05
101,4,1.7710900e+02,1.1991219e+00,8.2042500e+02,9.8378960e+02,12,2.9013006e-05,-1.9724260e-13,-1.9720714e-13,-1.9724260e-13,2.9013006e-05,-1.9716297e-13,-1.9720714e-13,-1.9716297e-13,2.9013006e-05
101,5,1.8924400e+02,1.2183385e+00,5.2782700e+02,6.4307194e+02,12,1.2098982e-05,2.2901161e-17,4.5802150e-17,2.2901161e-17,1.2098982e-05,-5.7249235e-18,4.5802150e-17,-5.7249235e-18,1.2098982e-05
101,6,2.0531400e+02,0.0000000e+00,5.2272700e+02,0.0000000e+00,12,0.0000000e+00,0.0000000e+00,0.0000000e+00,0.0000000e+00,0.0000000e+00,0.0000000e+00,0.0000000e+00,0.0000000e+00,0.0000000e+00
102,1,9.8198400e+01,2.9987655e+00,1.2355243e+03,3.7050475e+03,24,1.7149067e-04,4.5932870e-18,-1.8177701e-16,4.5932870e-18,1.7149067e-04,-8.5191211e-17,-1.8177701e-16,-8.5191211e-17,1.7149067e-04
102,2,1.0767700e+02,1.8035934e+00,9.0870573e+02,1.6389356e+03,24,5.5585660e-05,-3.4334865e-17,-7.2263865e-18,-3.4334865e-17,5.5585660e-05,5.9317527e-17,-7.2263865e-18,5.9317527e-17,5.5585660e-05
102,3,1.2749800e+02,2.3930446e+00,1.6168799e+03,3.8692658e+03,24,2.3143242e-04,2.6791224e-16,1.1879194e-16,2.6791224e-16,2.3143242e-04,9.4618206e-17,1.1879194e-16,9.4618206e-17,2.3143242e-04
102,4,1.6846800e+02,1.8759208e+00,7.9257737e+02,1.4868124e+03,24,4.2599763e-05,-1.9401866e-17,-6.8752957e-17,-1.9401866e-17,4.2599763e-05,1.4641899e-17,-6.8752957e-17,1.4641899e-17,4.2599763e-05
102,5,1.9341300e+02,1.1106927e+00,6.9470628e+02,7.7160520e+02,24,1.9049534e-05,-1.9769036e-17,-5.6221836e-17,-1.9769036e-17,1.9049534e-05,-3.0797122e-17,-5.6221836e-17,-3.0797122e-17,1.9049534e-05
102,6,2.0009700e+02,0.0000000e+00,5.8578098e+02,0.0000000e+00,24,0.0000000e+00,0.0000000e+00,0.0000000e+00,0.0000000e+00,0.0000000e+00,0.0000000e+00,0.0000000e+00,0.0000000e+00,0.0000000e+00
103,1,1.0297000e+02,2.6175363e+00,3.6290600e+02,9.4991963e+02,24,1.2890818e-05,-1.1467281e-07,1.1467281e-07,-1.1467281e-07,1.2890818e-05,0.0000000e+00,1.1467281e-07,0.0000000e+00,1.2890818e-05
103,2,1.0398800e+02,2.1988158e+00,1.0547017e+02,2.3190948e+02,24,9.1426683e-07,-3.5134678e-08,3.5134678e-08,-3.5134678e-08,9.1426530e-07,6.1638989e-19,3.5134678e-08,6.1638989e-19,9.1426835e-07
103,3,1.2906700e+02,2.5371011e+00,1.1194961e+03,2.8402749e+03,24,1.1753517e-04,1.7845329e-07,-1.7845329e-07,1.7845329e-07,1.1753517e-04,3.0706147e-21,-1.7845329e-07,3.0706147e-21,1.1753517e-04
103,4,1.6765700e+02,3.8736359e+00,3.6405804e+02,1.4102283e+03,24,1.8569230e-05,-4.8092598e-08,4.8092598e-08,-4.8092598e-08,1.8569230e-05,1.9113670e-22,4.8092598e-08,1.9113670e-22,1.8569230e-05
103,5,1.9550900e+02,9.0871903e-01,5.9192061e+02,5.3788952e+02,24,1.1297324e-05,5.3872641e-08,-5.3872641e-08,5.3872641e-08,1.1297324e-05,8.7977189e-23,-5.3872641e-08,8.7977189e-23,1.1297324e-05
103,6,1.9853400e+02,0.0000000e+00,3.9351453e+02,0.0000000e+00,24,0.0000000e+00,0.0000000e+00,0.0000000e+00,0.0000000e+00,0.0000000e+00,0.0000000e+00,0.0000000e+00,0.0000000e+00,0.0000000e+00
104,1,9.9538100e+01,2.9099716e+00,1.1859000e+03,3.4509353e+03,12,1.5323593e-04,-6.1320039e-16,-2.2591511e-16,-6.1320039e-16,1.5323593e-04,-7.4230002e-16,-2.2591511e-16,-7.4230002e-16,1.5323593e-04
104,2,1.0857300e+02,2.2868883e+00,9.1828900e+02,2.1000244e+03,12,7.1948335e-05,1.5388651e-12,1.5388457e-12,1.5388651e-12,7.1948335e-05,1.5388063e-12,1.5388457e-12,1.5388063e-12,7.1948335e-05
104,3,1.2257100e+02,3.1421476e+00,1.2660400e+03,3.9780845e+03,12,1.8674923e-04,1.1634888e-12,1.1631201e-12,1.1634888e-12,1.8674923e-04,1.1631937e-12,1.1631201e-12,1.1631937e-12,1.8674923e-04
104,4,1.7018600e+02,2.8707965e+00,6.1715900e+02,1.7717379e+03,12,3.9484516e-05,-3.8923334e-13,-3.8929704e-13,-3.8923334e-13,3.9484516e-05,-3.8926513e-13,-3.8929704e-13,-3.8926513e-13,3.9484516e-05
104,5,1.9441400e+02,9.9803538e-01,6.6660600e+02,6.6529637e+02,12,1.5749028e-05,4.7207676e-17,6.4910289e-17,4.7207676e-17,1.5749028e-05,-1.7703085e-17,6.4910289e-17,-1.7703085e-17,1.5749028e-05
104,6,2.0018000e+02,0.0000000e+00,6.6409000e+02,0.0000000e+00,12,0.0000000e+00,0.0000000e+00,0.0000000e+00,0.0000000e+00,0.0000000e+00,0.0000000e+00,0.0000000e+00,0.0000000e+00,0.0000000e+00
