       N       E                     dE             d eps       ncg     rms          rms(c)
DAV:   1     0.468457431054E+03    0.46846E+03   -0.72963E+04  1944   0.883E+02
DAV:   2    -0.320896267278E+03   -0.78935E+03   -0.75128E+03  2356   0.159E+02
