       N       E                     dE             d eps       ncg     rms          rms(c)
DAV:   1     0.468457431054E+03    0.46846E+03   -0.72963E+04  1944   0.883E+02
DAV:   2    -0.320896267278E+03   -0.78935E+03   -0.75128E+03  2356   0.159E+02
DAV:   3    -0.373212710419E+03   -0.52316E+02   -0.51478E+02  2360   0.379E+01
DAV:   4    -0.374465309954E+03   -0.12526E+01   -0.12431E+01  2336   0.704E+00
